1.546739 0.011010
1.546739 0.011010
1.585045 0.008206
1.554103 0.009758
1.553803 0.010367
1.474219 0.014259
1.479273 0.012171
1.520836 0.012781
1.472621 0.013812
1.515416 0.010897
1.455388 0.014586
1.407403 0.015256
1.405633 0.015495
1.330193 0.017636
1.254882 0.020352
1.305614 0.017250
1.293044 0.018941
1.271759 0.018731
1.294453 0.017047
1.379783 0.014127
1.351377 0.016436
1.353342 0.017701
1.369400 0.015521
1.348457 0.022304
1.383602 0.017112
1.367556 0.018535
1.346071 0.017822
1.305652 0.019943
1.328245 0.018800
1.375595 0.016061
1.365042 0.017519
1.344277 0.015897
1.323448 0.023913
1.343831 0.030636
1.328314 0.029282
1.347187 0.025130
1.330154 0.020436
1.286915 0.021716
1.271093 0.033436
1.273694 0.040227
1.287071 0.029730
1.327796 0.020665
1.357580 0.020577
1.329067 0.027375
1.348437 0.017496
1.397521 0.012221
1.307315 0.016054
1.255747 0.017420
1.251769 0.016565
1.262553 0.021089
1.282615 0.015696
1.297068 0.017183
1.335084 0.017820
1.301568 0.023278
1.276214 0.026134
1.283067 0.023765
1.258780 0.023202
1.238593 0.026530
1.243964 0.028382
1.275034 0.021422
1.307703 0.023304
1.244668 0.029804
1.268978 0.027961
1.239999 0.032633
1.239745 0.028248
1.283000 0.022380
1.294218 0.024897
1.285386 0.031784
1.286680 0.028323
1.283502 0.027390
1.215782 0.034629
1.229953 0.031465
1.242116 0.031657
1.213955 0.030647
1.184580 0.033025
1.094696 0.057306
1.105610 0.048614
1.134243 0.049590
1.095139 0.040377
1.022430 0.046753
1.040151 0.044897
1.030551 0.060884
1.052163 0.054813
1.121001 0.047778
1.142466 0.038217
1.123526 0.048243
1.201785 0.030143
1.175563 0.034828
1.092103 0.044666
1.122535 0.056294
1.143358 0.037834
1.162624 0.034624
1.145137 0.037815
1.174934 0.038183
1.187807 0.034932
1.145193 0.036891
1.103033 0.050705
1.131576 0.047948
1.213085 0.037910
1.220415 0.034592
1.231921 0.037232
1.179014 0.037036
1.115904 0.039085
1.167214 0.036271
1.183490 0.043252
1.128531 0.034287
1.137241 0.036615
1.097824 0.038138
1.082408 0.039218
1.102902 0.041054
1.143704 0.033735
1.193940 0.026525
1.114670 0.034891
1.095435 0.027549
1.021438 0.037978
1.020148 0.044905
1.003199 0.045538
1.010233 0.049442
0.975845 0.062919
0.958187 0.053752
0.932003 0.084655
0.930724 0.095866
0.955538 0.095801
0.915075 0.099632
0.868333 0.218122
0.880259 0.253829
0.920047 0.192607
0.887809 0.242691
0.884919 0.147043
0.890678 0.252469
0.874146 0.380392
0.853808 0.324219
0.902386 0.242607
0.934137 0.311108
1.020513 0.191457
1.019431 0.343602
1.050280 0.165829
0.969706 0.247319
0.909558 0.298987
0.861935 0.335051
0.830333 0.370504
0.884541 0.142852
0.866112 0.164829
0.803091 0.355140
0.848426 0.253384
0.920939 0.320424
0.858270 0.338637
0.839739 0.327137
0.826382 0.090067
0.805113 0.299478
0.847357 0.308169
0.828229 0.267632
0.854333 0.155541
0.828035 0.286600
0.854964 0.118324
0.861107 0.122837
0.897597 0.176175
0.902115 0.119061
0.912560 0.146580
0.935187 0.276478
0.983455 0.191939
0.952806 0.194759
0.963980 0.143475
0.975764 0.120045
0.972922 0.129803
0.925782 0.155144
0.924779 0.196537
0.894174 0.739419
0.899368 0.833446
0.920742 0.549485
0.908897 0.298316
0.938966 0.822082
0.936208 0.773766
0.970834 0.853598
1.020422 0.660669
1.030175 0.305411
1.044387 0.144697
1.023996 0.227453
1.050262 0.108271
0.981597 0.173890
0.947726 0.295096
0.935079 0.205121
1.029220 0.112943
1.056812 0.088897
1.005757 0.158753
0.999430 0.133168
0.979534 0.359715
1.002366 0.173359
0.991461 0.333330
1.034170 0.218634
0.972209 0.191122
0.991772 0.203707
1.026793 0.162267
0.990093 0.233694
1.033012 0.185846
1.001919 0.157594
0.994063 0.194841
1.021156 0.089394
0.983115 0.099525
0.952375 0.222043
0.892977 0.228624
0.824151 0.289850
0.807053 0.177240
0.854767 0.157987
0.861739 0.158801
0.890272 0.151452
0.870513 0.247382
0.908794 0.180679
0.892498 0.250979
0.882853 0.258861
0.826417 0.358686
0.813574 0.343375
0.795722 0.336293
0.829483 0.315617
0.848277 0.368345
0.854649 0.334814
0.937399 0.174146
0.935226 0.329753
0.946470 0.244261
0.984647 0.300403
1.077490 0.098562
1.058611 0.130846
1.134217 0.073610
1.110165 0.153223
1.174546 0.085014
1.178283 0.101952
1.124714 0.257493
1.172651 0.162616
1.149057 0.141167
1.144047 0.197954
1.158444 0.202597
1.174821 0.212033
1.169510 0.176518
1.217398 0.086510
1.185390 0.097576
1.163601 0.139018
1.156396 0.136250
1.151335 0.480618
1.141003 0.264071
1.122502 0.216304
1.116112 0.346956
1.169279 0.136603
1.134975 0.144633
1.146147 0.191031
1.170124 0.114380
1.138830 0.144954
1.158684 0.140565
1.182594 0.242158
1.224444 0.160656
1.175416 0.346916
1.200075 0.232941
1.216312 0.093489
1.179544 0.169825
1.192621 0.115295
1.228546 0.224366
1.237857 0.200611
1.214532 0.255135
1.228725 0.228365
1.230339 0.199810
1.238811 0.228782
1.207894 0.117070
1.183472 0.056551
1.151947 0.118163
1.208990 0.149904
1.249555 0.188926
1.246095 0.215558
1.235898 0.123947
1.193652 0.170742
1.233106 0.118908
1.274661 0.079232
1.279199 0.075574
1.255450 0.061958
1.179660 0.150237
1.159701 0.121506
1.141863 0.164686
1.170171 0.092266
1.101109 0.182807
1.098818 0.105011
1.087356 0.146657
1.093710 0.157972
1.103121 0.300046
1.108877 0.161121
1.075793 0.293783
1.113593 0.290907
1.062987 0.889220
1.055415 0.721400
1.045547 0.371405
0.973911 0.182143
0.992297 0.251920
1.002207 0.364502
1.041100 0.252997
0.999777 0.365763
1.090463 0.128281
1.028716 0.136734
1.084593 0.087243
1.115955 0.061292
1.105219 0.054532
1.039585 0.086605
0.999467 0.136234
1.072038 0.090213
1.042003 0.100338
1.026688 0.088952
1.012325 0.085571
1.058965 0.078200
1.083175 0.069426
1.102482 0.070026
1.092961 0.136009
1.126585 0.124672
1.187224 0.132412
1.242935 0.183303
1.273793 0.073222
1.162969 0.095601
1.112753 0.340113
1.099291 0.199519
1.087678 0.186295
1.107624 0.059873
1.046273 0.105415
1.049223 0.112428
0.990026 0.175870
1.041145 0.108875
0.995137 0.151595
0.971820 0.314872
0.928580 0.311265
0.984263 0.183904
0.998230 0.334909
1.001133 0.226631
0.985538 0.290404
0.970038 0.209301
0.961607 0.197781
1.047733 0.159982
1.067676 0.154039
0.997650 0.356798
1.027292 0.108048
0.984621 0.283944
1.003673 0.340780
0.995277 0.292071
0.940887 0.336183
0.989914 0.252118
0.916394 0.145405
0.914516 0.257790
0.903644 0.248258
0.969796 0.141767
0.964335 0.188864
0.919847 0.143364
0.918947 0.215600
0.971505 0.189836
0.968599 0.175308
0.982402 0.221325
0.950134 0.241292
0.945763 0.298284
0.917059 0.189696
0.887573 0.374520
0.882980 0.283601
0.942323 0.225408
0.923721 0.180133
0.968247 0.146609
0.983812 0.152483
0.994386 0.248641
1.081039 0.241657
1.019609 0.194432
1.085692 0.070156
1.066813 0.061698
1.003354 0.092019
1.037802 0.075102
1.040468 0.060024
1.045237 0.056165
0.993291 0.080560
0.979032 0.061722
0.975706 0.057696
0.931844 0.078850
0.942086 0.081608
0.874957 0.099993
0.832797 0.103435
0.888127 0.075377
0.879743 0.085818
0.929780 0.069585
0.966787 0.063387
1.007955 0.088845
1.032063 0.086842
1.095501 0.112776
1.081792 0.078742
1.028057 0.101704
1.054429 0.076965
1.064243 0.059582
1.054635 0.087117
1.180850 0.054151
1.179575 0.067973
1.149092 0.059023
1.157318 0.060715
1.123561 0.081362
1.128969 0.079049
1.091483 0.073382
1.143043 0.077498
1.120907 0.071194
1.141623 0.081895
1.246800 0.059243
1.226774 0.079287
1.188905 0.086129
1.149322 0.108775
1.192020 0.064938
1.129878 0.073095
1.150530 0.063556
1.153038 0.053455
1.125201 0.045626
1.130757 0.075012
1.097494 0.084702
1.088187 0.061658
1.076431 0.059967
1.038109 0.081444
1.069398 0.062662
0.995381 0.100935
1.053048 0.063268
1.151431 0.052246
1.166482 0.046211
1.157153 0.059435
1.146717 0.068751
1.114612 0.090725
1.098841 0.079974
1.051732 0.064383
1.089715 0.054858
1.068423 0.061084
1.041722 0.119621
1.071778 0.074726
1.044017 0.067326
1.018198 0.084897
1.026331 0.061763
1.062165 0.051427
1.100989 0.037160
1.088405 0.043028
1.063185 0.061784
1.054562 0.047139
1.049138 0.059338
1.034368 0.063541
1.016945 0.079187
0.996443 0.061797
0.981934 0.059853
1.014562 0.055418
1.007825 0.069086
1.011864 0.057351
1.084172 0.047302
1.123033 0.054542
1.119839 0.056542
1.085051 0.065213
1.138758 0.053356
1.079644 0.072287
1.083053 0.075251
1.064916 0.075964
1.063587 0.088124
1.124864 0.065723
1.122678 0.073610
1.095074 0.089715
1.130433 0.096322
1.147443 0.076771
1.112862 0.065252
1.089642 0.084252
1.119771 0.065268
1.089119 0.064890
1.095585 0.072540
1.125460 0.075359
1.182198 0.088041
1.202813 0.049579
1.127984 0.076863
1.119565 0.051158
1.134878 0.050217
1.112251 0.067716
1.055829 0.091626
1.110987 0.052080
1.154638 0.057211
1.185078 0.044926
1.225587 0.048240
1.230418 0.066905
1.187047 0.079407
1.178287 0.079022
1.168186 0.077934
1.139715 0.067622
1.136190 0.075427
1.122775 0.083307
1.147784 0.053195
1.125161 0.048424
1.121903 0.051803
1.129642 0.037130
1.113098 0.052624
1.109352 0.067700
1.048299 0.072540
1.077148 0.055291
1.055054 0.052029
1.022969 0.060022
1.060857 0.040863
1.045004 0.042891
1.072225 0.033167
1.040486 0.039961
1.067536 0.036124
1.086374 0.036401
1.059441 0.043435
0.967881 0.069572
0.997850 0.040369
0.986362 0.046208
0.947562 0.042673
0.982014 0.039739
0.965148 0.053116
0.930000 0.052666
0.972251 0.058110
1.031908 0.042985
1.125254 0.029529
1.131744 0.035151
1.136986 0.025920
1.117530 0.029811
1.066424 0.045463
1.069236 0.032160
1.072502 0.041194
1.032778 0.051775
1.047623 0.049199
1.046394 0.038095
1.031015 0.050038
1.031585 0.042954
1.077563 0.034921
1.135837 0.034207
1.133379 0.036744
1.066248 0.070974
1.071757 0.048152
1.140010 0.035380
1.208265 0.029617
1.163024 0.046777
1.201105 0.037135
1.235562 0.026552
1.203648 0.024587
1.177601 0.030257
1.146561 0.040814
1.087674 0.047190
1.057140 0.038336
1.016699 0.043423
1.049743 0.028332
1.108087 0.026275
1.128167 0.023876
1.167241 0.028007
1.101611 0.039227
1.111870 0.035793
1.206915 0.028360
1.226651 0.025665
1.247237 0.023787
1.199155 0.021904
1.112741 0.037463
1.129624 0.027556
1.170550 0.023047
1.101066 0.025579
1.057089 0.032669
1.007090 0.034522
0.988313 0.039293
1.031241 0.034578
1.053726 0.036125
1.125148 0.027722
1.158439 0.023195
1.109883 0.036546
1.125384 0.026532
1.197386 0.022942
1.214852 0.025453
1.189375 0.023135
1.241843 0.021255
1.284527 0.017042
1.264123 0.021600
1.287037 0.018824
1.320186 0.018930
1.278434 0.024311
1.320713 0.020332
1.323281 0.028466
1.333833 0.021400
1.303425 0.018955
1.289798 0.022749
1.288226 0.027215
1.314081 0.021776
1.304677 0.025576
1.277869 0.045766
1.348110 0.022972
1.316269 0.023833
1.331083 0.027154
1.362963 0.018285
1.328710 0.024537
1.300833 0.024501
1.323346 0.029985
1.324735 0.029357
1.427964 0.018557
1.408875 0.019488
1.419433 0.019619
1.402926 0.018757
1.301928 0.024105
1.314218 0.022578
1.238148 0.036560
1.269848 0.018377
1.215591 0.026480
1.233940 0.025879
1.238436 0.035729
1.278163 0.023759
1.265034 0.026594
1.262041 0.028072
1.282778 0.034623
1.331838 0.030524
1.344456 0.031289
1.331160 0.045752
1.347032 0.032212
1.273880 0.050434
1.242977 0.044825
1.185140 0.079035
1.232324 0.058568
1.208743 0.054838
1.182292 0.036851
1.155343 0.044982
1.113680 0.049182
1.070801 0.049005
1.095626 0.030043
1.057180 0.060093
1.081413 0.040569
1.075235 0.044585
1.015526 0.051574
0.994026 0.059667
1.001999 0.097387
1.008943 0.113588
1.019675 0.102819
1.085441 0.042147
1.081073 0.062361
1.105572 0.070607
1.113900 0.071408
1.144655 0.058611
1.166433 0.073794
1.149711 0.077065
1.112667 0.057366
1.063939 0.058599
1.089778 0.064150
1.130457 0.045932
1.147242 0.037383
1.149960 0.042076
1.200546 0.039299
1.194746 0.029519
1.200180 0.031903
1.215634 0.032055
1.211720 0.031739
1.230689 0.026862
1.224804 0.037484
1.247946 0.034772
1.274375 0.026017
1.200237 0.031116
1.171186 0.030852
1.218050 0.024640
1.285567 0.021501
1.240167 0.024365
1.224138 0.027981
1.220254 0.028751
1.259330 0.029409
1.333810 0.020673
1.278712 0.021608
1.204330 0.030810
1.216383 0.034521
1.220177 0.029303
1.198877 0.027379
1.189101 0.028472
1.179674 0.028968
1.275536 0.022761
1.351277 0.020252
1.339665 0.021737
1.251316 0.032941
1.198955 0.031088
1.158886 0.036012
1.111751 0.042464
1.126361 0.037805
1.140304 0.037195
1.151811 0.034023
1.172355 0.026927
1.174664 0.024302
1.103469 0.049708
1.230162 0.030147
1.247963 0.045134
1.331961 0.022068
1.297537 0.024024
1.252971 0.031004
1.195330 0.038354
1.170507 0.034974
1.226707 0.026830
1.241359 0.026644
1.246045 0.022692
1.163781 0.036531
1.058617 0.049885
1.058483 0.039035
1.105712 0.040759
1.202952 0.027976
1.143919 0.034613
1.090987 0.050333
1.021105 0.050057
1.039979 0.035987
1.099920 0.030812
1.065408 0.034615
1.109088 0.029094
1.096242 0.035132
1.085269 0.036084
1.111884 0.035407
1.151649 0.030749
1.169664 0.028690
1.195046 0.046515
1.221665 0.041338
1.244397 0.030341
1.236592 0.036881
1.218963 0.039224
1.206272 0.033345
1.220467 0.026658
1.147018 0.034249
1.216641 0.025955
1.251631 0.026749
1.274853 0.023579
1.294340 0.023427
1.249238 0.030531
1.303852 0.027180
1.321876 0.023717
1.286788 0.029353
1.304837 0.021536
1.274158 0.030765
1.276945 0.022504
1.275361 0.023065
1.240373 0.027697
1.269779 0.022142
1.325026 0.020543
1.308625 0.025625
1.370938 0.021581
1.363114 0.027646
1.349604 0.022882
1.351798 0.026340
1.385439 0.020228
1.353417 0.025266
1.411710 0.018235
1.396530 0.017407
1.328500 0.024794
1.347127 0.025010
1.360942 0.025334
1.340167 0.030001
1.355849 0.024284
1.387181 0.021833
1.373266 0.024651
1.373956 0.022111
1.344474 0.021930
1.359121 0.021017
1.348003 0.020109
1.297407 0.023113
1.285791 0.032253
1.304381 0.024886
1.332160 0.023244
1.365147 0.023111
1.377145 0.019090
1.316118 0.030092
1.361552 0.023332
1.393670 0.020632
1.291684 0.028549
1.271474 0.031983
1.209097 0.034907
1.196570 0.041233
1.144491 0.032736
1.102904 0.039735
1.074987 0.041481
1.086055 0.048173
1.061462 0.076553
0.982365 0.092860
0.945351 0.094643
0.959436 0.096990
0.952925 0.069888
0.966073 0.099540
0.971379 0.063948
0.942042 0.073933
0.964275 0.097140
0.982317 0.103967
0.961170 0.092765
0.996065 0.066628
0.988890 0.071265
1.005026 0.046285
0.939319 0.095087
0.971220 0.094537
0.971607 0.088116
1.029147 0.055660
1.123536 0.033217
1.114181 0.052386
1.135504 0.090159
1.119052 0.099060
1.055377 0.268134
1.031641 0.250177
1.060116 0.249423
1.004246 0.189963
0.985474 0.380902
1.027935 0.194669
0.999892 0.265703
0.995147 0.251078
0.970277 0.186865
0.942506 0.320227
0.937841 0.396498
0.928829 0.294680
0.981732 0.244008
1.010115 0.273930
1.026947 0.304846
1.104423 0.138932
1.041582 0.171391
1.022806 0.344843
1.055492 0.269714
1.023185 0.233807
1.083034 0.198971
1.080263 0.178130
1.036559 0.260341
1.030613 0.339698
1.056226 0.199748
1.069541 0.187707
1.134059 0.246473
1.147091 0.273677
1.167259 0.140885
1.174268 0.102548
1.090215 0.206727
1.133534 0.176083
1.137301 0.120219
1.149336 0.152047
1.169451 0.157943
1.167674 0.192563
1.138345 0.158328
1.150819 0.204163
1.153684 0.140014
1.123995 0.228766
1.196384 0.134346
1.253926 0.090511
1.210603 0.211887
1.222934 0.212330
1.264877 0.184277
1.305030 0.116890
1.242615 0.310170
1.181784 0.657251
1.157613 0.724866
1.102860 1.215562
1.106073 1.313894
1.142105 1.031755
1.169010 0.767535
1.128644 0.961440
1.079825 0.868256
1.130206 1.350192
1.160498 0.550533
1.187302 0.884621
1.197304 0.484423
1.138836 0.914259
1.113974 0.990944
1.113821 0.987420
1.098383 1.412638
1.204512 0.242371
1.244475 0.229923
1.168899 0.923385
1.110221 0.579137
1.116480 0.353693
1.063742 0.660435
1.070687 0.603810
1.020532 1.244124
0.957110 1.402939
0.959912 1.374400
1.013138 1.170080
1.073670 0.287257
1.066001 0.264951
1.037370 0.437640
1.076307 0.305874
1.070614 0.184523
1.059904 0.282077
1.067390 0.368570
1.076788 0.303018
1.037585 0.536851
1.039259 0.741112
1.077936 0.403073
1.043464 0.795877
1.051241 0.304275
1.055325 0.720613
1.021372 0.674121
1.019366 0.465652
0.990386 0.659515
1.001475 0.163780
1.043594 0.299143
1.058137 0.302826
1.086385 0.499364
1.105108 0.232098
1.069662 0.261701
1.003238 0.884381
0.994286 0.305144
1.027267 0.221213
1.033835 0.223617
0.989635 0.238485
1.041551 0.340583
1.075976 0.553020
1.046824 0.759624
1.013778 0.472103
1.027308 0.643328
1.082059 0.334455
1.035095 0.747233
1.061553 0.395127
1.070664 0.519304
1.053537 1.254083
1.117324 0.718787
1.075828 0.754024
1.130362 0.722250
1.073713 1.138490
1.025830 1.714224
1.009910 3.937529
1.070733 3.207350
1.123801 2.005666
1.049726 3.278504
1.033988 3.518093
1.049101 2.734840
1.011780 3.883929
0.960273 3.632227
0.982179 2.764735
0.979248 1.873586
0.950553 1.419422
0.931260 3.579639
0.964519 3.381776
0.966749 4.072126
0.983206 3.235491
1.041022 3.391011
1.029261 3.160063
1.071852 2.051926
1.045992 2.160743
0.982394 3.868028
0.991092 2.952576
0.994350 2.182483
0.974739 3.820649
0.972829 2.687614
0.979910 1.416732
0.986689 2.139432
0.950570 3.210217
0.958143 2.045987
0.984045 0.809674
0.997759 1.223597
1.015193 0.610889
0.985616 2.032251
0.969886 1.285653
0.936720 3.034209
0.986365 1.655645
1.023641 1.485038
0.988339 3.672975
1.021042 3.062887
1.038321 1.699142
0.974541 1.736501
0.925998 4.528852
0.935899 3.821979
0.955574 3.756535
0.946745 5.076459
0.967744 4.763763
0.953877 4.103583
1.001327 4.325156
0.969153 3.286177
0.961340 4.301993
0.966359 3.118662
0.967070 1.635203
0.987579 1.903567
0.927642 3.630425
0.958528 3.458810
0.991436 4.013289
1.019603 1.581633
1.110436 1.903556
1.109769 1.020075
1.058475 0.819240
1.072237 1.349817
0.992086 3.385868
0.977043 3.374318
0.936995 3.987888
0.957513 3.806312
0.912764 3.305326
0.960281 2.244716
0.952910 1.365289
0.972374 1.764302
0.937425 3.452774
0.891150 2.811051
0.873097 3.597715
0.856607 2.706302
0.863352 2.704843
0.930115 1.436249
0.947499 3.156798
0.981029 1.572870
0.995358 0.731613
0.958663 0.846239
0.931789 2.078871
0.958499 2.624998
0.962136 2.757424
0.991849 2.793016
1.092647 1.598830
1.081173 1.052241
1.045316 1.073803
1.002196 1.845710
1.006337 1.719619
1.050038 1.219085
1.034712 1.202409
1.008745 1.132169
1.009439 1.040972
1.047252 1.017261
1.037933 0.991696
1.022600 1.638971
1.039139 0.826077
0.994107 0.757618
0.972379 0.914215
0.995575 1.337643
1.019988 0.499339
0.990377 0.893443
1.069404 0.535542
1.032351 1.998266
1.083455 0.936862
1.027153 0.717137
0.987948 3.317981
0.942034 3.838388
0.944181 3.031528
0.936327 3.499045
0.897050 2.458142
0.954791 1.739603
0.959544 2.953474
0.992348 1.922617
0.929831 4.286765
0.890981 3.056960
0.932972 2.814134
1.017661 1.195269
1.011708 1.381840
0.925888 3.579598
0.935550 4.139699
0.894214 3.099467
0.859195 4.727311
0.887198 4.110030
0.851686 3.907253
0.877546 3.369402
0.917901 1.750008
0.871319 3.307964
0.879162 2.911249
0.961497 3.399532
0.982678 1.438755
0.954804 3.214384
0.982396 3.042247
1.015576 3.852466
1.017804 2.538799
1.030340 3.715083
1.011711 3.743043
1.007370 3.872306
1.017384 2.979700
1.045898 3.622169
1.081506 1.970275
1.061261 3.232193
1.111161 3.606066
1.104976 1.720809
1.103674 1.462878
1.048770 1.866208
1.012211 2.027914
1.043161 1.121967
1.015869 0.531424
0.989012 1.016743
1.052903 1.222279
1.000401 1.929687
0.897197 2.997472
0.922444 4.631246
0.918684 2.680333
0.944507 2.668859
0.922753 4.958162
0.949167 4.743547
0.991282 1.808460
0.965903 2.124267
0.951585 2.972895
0.983619 1.957884
0.981708 1.956221
0.933348 2.738047
0.963648 3.166144
0.986992 3.789227
0.965092 4.342062
0.938191 4.623667
0.974872 4.879144
0.951271 4.377073
0.944657 4.924083
0.900473 5.409578
0.881042 4.800689
0.905780 3.938010
0.999069 2.382180
0.992066 0.591484
0.988366 1.915156
1.010254 2.019647
0.996913 2.543654
0.993497 1.189644
0.983320 2.863088
1.009361 4.075585
1.005977 2.885858
1.030577 1.155490
1.017210 1.365738
0.960561 1.568334
0.924536 2.575238
0.891093 4.438380
0.871791 4.256711
0.925963 3.033874
0.926147 4.372412
1.026840 2.137579
1.063370 2.938099
1.010344 3.393476
1.001431 2.245443
0.973981 3.429777
0.943489 4.029771
0.910676 4.936374
0.927451 4.799652
0.899713 4.865555
0.847337 5.155377
0.859989 4.056117
0.874325 4.603494
0.883801 4.768353
0.872229 4.081899
0.894989 1.093211
0.914101 2.397556
0.964267 1.068981
0.919538 2.553301
0.963082 1.061030
0.967708 1.002276
0.917571 3.570523
0.927249 3.531163
0.904398 5.163602
0.893049 3.299651
0.959551 3.748229
0.970726 1.777327
0.926346 3.421397
0.933732 4.027470
0.919340 4.497819
0.913566 5.158203
0.974492 3.741900
0.955815 4.842359
0.888401 4.704565
0.882443 5.115132
0.862826 4.544074
0.847131 4.113066
0.808846 3.704396
0.857367 1.855186
0.875401 2.070660
0.842865 3.809663
0.823718 4.151004
0.836474 3.179960
0.819200 5.219334
0.881526 3.144541
0.857823 4.658761
0.853281 4.913009
0.845928 5.114227
0.878889 4.753617
0.867851 3.196451
0.872682 2.339649
0.849623 2.688630
0.836021 1.908689
0.869632 0.960631
0.886971 0.748632
0.876159 1.704612
0.904719 0.532385
0.883367 1.043852
0.929419 0.818248
0.882392 2.279476
0.922573 0.944216
0.911553 1.331789
0.926111 2.559476
0.969060 3.349621
1.004758 2.450855
1.006245 2.195671
0.981149 3.050780
0.993974 2.489653
0.968623 3.271714
0.948947 1.184575
0.948780 2.268989
0.914499 3.374794
0.930071 1.453918
0.903600 3.384046
0.940574 3.862072
0.958418 2.310298
0.955471 2.628371
0.989628 1.774452
0.984550 1.447053
0.967321 1.485662
0.925165 2.915608
0.906594 3.493111
0.871434 2.984335
0.809393 3.968476
0.853650 2.232778
0.768120 3.896226
0.763084 3.276884
0.771555 1.762207
0.797657 2.649530
0.802968 1.709303
0.880829 1.761202
0.879747 2.580224
0.907900 1.690348
0.903703 2.242612
0.936573 2.287492
0.929934 1.582461
0.925351 0.893642
0.948356 1.199365
0.956571 1.912640
0.958680 3.409526
0.990268 3.294325
1.000791 1.475662
0.930786 2.359550
1.002773 1.812287
1.090659 1.692365
1.051016 0.807285
0.987204 3.628380
0.962038 1.900895
0.889529 4.772659
0.873058 4.341179
0.868401 4.867669
0.917282 4.640361
0.941497 3.277105
0.942078 3.240200
0.850106 5.774118
0.802637 2.927698
0.821097 4.112022
0.806841 4.480717
0.838358 4.015408
0.815737 4.777443
0.811399 5.105176
0.747156 4.483062
0.817846 2.900042
0.910315 2.180786
0.878257 5.917123
0.845746 4.316996
0.890514 2.547720
0.910851 3.489025
0.898617 2.601590
0.954922 3.463994
1.000057 2.108390
1.015340 3.764095
0.967333 4.754297
0.985374 2.440693
1.024288 2.257681
1.019218 1.875677
1.000995 3.014107
1.015892 2.749953
1.018765 3.143171
1.018927 1.961601
0.996273 1.860682
1.011037 1.364610
1.000606 2.786288
1.002706 3.439926
0.997142 2.162626
0.950633 2.302616
0.979567 2.494622
0.928576 5.466284
0.971019 3.271197
0.958058 2.318996
0.977944 1.450028
0.937061 1.619368
1.005073 1.410509
0.995537 0.987459
0.956688 1.537956
0.970832 1.354115
0.942684 3.117010
0.991957 2.865066
1.013998 1.306102
1.008051 1.848913
0.981788 2.795302
0.968291 1.590237
1.008250 1.425648
0.976742 1.993027
1.015957 1.416441
1.033511 1.881314
0.998444 2.133211
0.976014 3.944861
0.886594 5.071582
0.881608 5.258686
0.892743 5.196356
0.920323 4.753898
0.949850 4.515508
0.906051 4.566461
0.930380 4.104770
0.939633 4.393401
0.974030 3.155464
0.935199 5.097652
0.952038 4.600460
0.978129 3.696901
1.011172 2.848591
1.029124 1.979071
0.945482 2.085560
0.964913 1.350219
0.990498 1.102773
0.903489 2.238440
0.838856 1.675191
0.775228 3.456536
0.824517 1.075364
0.882648 2.402038
0.910655 3.150658
0.903012 3.808869
0.882841 4.577135
0.956618 1.708137
0.944806 2.184453
0.906052 1.726630
0.893104 3.781289
0.937000 2.138604
0.967558 2.647617
0.964046 3.192917
0.982445 2.517743
1.001344 1.297164
1.018958 1.727800
0.992693 2.375184
0.952125 2.220781
1.025669 3.115845
1.059796 2.201019
1.085946 1.070461
1.065753 1.024737
1.098702 0.645059
1.017275 1.244608
1.000414 2.150409
1.044516 0.718011
1.048665 1.486096
1.009317 1.529162
1.036197 1.860669
1.020820 1.082830
1.030545 2.230504
1.003131 2.351715
0.984548 3.447425
1.004534 3.660531
1.030912 2.671567
1.046938 1.850930
1.081280 2.061040
1.096899 2.553369
1.030439 3.437636
0.943372 4.395437
0.984635 3.148469
1.038827 1.948104
0.996535 3.954219
0.976640 1.844505
0.950114 2.754101
0.983272 3.085110
0.938696 4.914719
1.006574 2.503488
1.025508 2.398411
1.045096 0.654769
1.022103 1.406536
1.037810 1.405801
0.978397 2.161146
0.992242 1.760019
1.003283 0.967646
0.996999 0.785898
1.015828 1.482039
1.005130 2.158269
1.019613 1.827440
1.033425 0.586647
1.037410 1.081442
1.017869 1.463420
0.998107 2.182436
1.002911 0.588357
1.016487 0.463808
0.983780 3.512859
0.967974 3.766200
0.989080 3.753106
0.964311 3.355404
0.932082 4.319986
0.968783 2.592458
0.916189 4.756545
0.891018 5.090492
0.876150 4.941821
0.918657 4.625697
0.880916 5.160536
0.912623 2.906356
0.912852 1.367391
0.874802 1.909623
0.886416 3.783462
0.881684 4.578058
0.872338 3.445118
0.883358 3.726682
0.925905 3.375012
0.973143 4.044474
0.986916 3.565753
0.916113 5.211531
0.906344 4.690178
0.865508 5.259185
0.878037 3.449197
0.914899 3.442634
0.940958 1.740377
0.990907 1.132312
0.975350 0.739476
0.980228 1.990191
0.948166 1.248809
0.933283 2.163242
0.929468 4.120614
0.943421 5.060626
1.054433 1.791949
1.049908 1.608479
1.000710 2.358328
0.974081 3.510682
0.930471 4.148837
0.927876 3.179316
0.991767 2.713624
0.979179 4.371012
0.925078 4.634023
0.946049 3.250879
0.841198 5.050061
0.845251 5.029813
0.838749 5.122973
0.872063 4.981487
0.864600 5.144243
0.886200 4.805239
0.893336 4.734555
0.939124 3.728746
0.886618 4.831213
0.946628 4.455640
1.007095 2.927854
0.953345 4.279375
0.934485 3.643626
0.915191 3.280126
0.928549 1.808832
0.967469 2.253466
0.913974 4.697961
0.834422 5.271908
0.866862 5.236224
0.903141 4.936741
0.928937 4.048901
0.908915 3.253830
0.871944 3.626859
0.889998 4.102420
0.850024 5.196149
0.872578 5.201682
0.893801 5.009279
0.903560 5.082230
0.902870 5.192866
0.900105 4.399311
0.875655 5.073891
0.917706 4.900612
0.904268 3.666912
0.927026 4.967095
0.963681 2.841663
0.946431 3.980897
0.941329 2.559167
0.890609 3.842605
0.884035 2.900030
0.896650 3.107910
0.983131 1.085621
1.020381 2.499795
0.986604 3.561311
0.978593 0.697629
0.989010 1.058067
1.013622 1.423003
1.045589 0.770489
1.056842 1.320768
1.067872 0.894951
0.994842 2.296194
0.976947 3.496601
1.028458 4.051398
1.050965 3.732712
1.024643 4.332889
0.986434 3.880675
1.050126 1.347016
0.991014 3.093527
0.956577 2.384761
1.049861 0.816358
1.019669 0.885610
1.030952 1.508501
0.979203 1.687592
0.946307 1.609212
0.840030 3.171022
0.882109 2.826250
0.887110 3.678167
0.864963 2.815477
0.878087 1.859385
0.858490 2.445287
0.870941 1.556336
0.869929 2.582284
0.933204 2.380566
0.982109 2.901828
1.016008 2.422428
1.051997 1.682261
1.084164 0.471348
1.067685 0.926353
0.960645 2.549484
0.951807 1.802832
1.015414 1.480734
1.018859 2.910368
0.945585 3.841368
0.889530 2.621376
0.941986 2.646622
0.949509 2.970432
0.981689 1.689373
0.969110 2.037106
0.991107 1.936945
0.950395 4.321514
0.953095 4.812588
0.935891 4.958597
0.949482 3.747206
0.953462 4.976344
0.935692 4.813110
0.875093 5.521506
0.930438 4.577982
0.874400 4.464862
0.793741 6.217060
0.816504 5.893098
0.812705 5.702952
0.814733 5.988971
0.839617 3.849061
0.894393 2.787101
0.893511 2.221861
0.902910 2.621944
0.957015 3.234500
0.890480 3.659891
0.859552 3.441520
0.956366 1.096350
0.940383 2.719653
1.015302 2.631548
0.929725 4.047413
0.920560 2.305204
0.918177 2.735892
0.973697 2.853625
0.968555 2.619763
0.943402 3.194009
0.998947 1.859057
1.000094 1.544851
0.971483 3.605788
0.893970 4.477793
0.826379 6.129422
0.864485 5.490232
0.937476 5.200884
0.945698 4.798720
0.890481 5.210151
0.893500 5.380875
0.921379 3.675464
0.895675 3.594140
0.929549 3.419378
0.852060 5.616438
0.900023 5.064607
0.865678 4.904706
0.831796 4.766702
0.874811 4.443099
0.832546 5.209647
0.835659 5.971025
0.817056 5.625870
0.819003 5.260430
0.828834 4.126121
0.835646 3.655516
0.865184 5.376071
0.858368 5.205341
0.906702 3.648919
0.876862 4.034302
0.862306 4.750069
0.870451 4.932182
0.851657 5.156918
0.858629 4.819667
0.797774 5.697522
0.828072 6.134700
0.838099 4.369713
0.825203 2.367728
0.818776 4.366340
0.851328 3.985063
0.881839 5.909977
0.810558 5.768344
0.804447 6.033427
0.797487 4.791886
0.800936 1.761564
0.806045 1.806960
0.739399 3.517282
0.769930 3.475836
0.795630 3.697978
0.812672 4.641772
0.831438 4.658655
0.840260 4.929189
0.874881 4.220239
0.841663 5.328580
0.818004 5.782360
0.814807 5.274545
0.863927 5.694273
0.888041 5.064342
0.939235 2.823362
0.937885 3.060290
0.998903 3.417205
0.959622 4.595101
0.958925 3.955938
0.949749 3.122189
0.988845 4.087520
0.929779 4.968322
0.930506 4.729283
0.928357 4.916193
0.893223 3.936538
0.941001 2.139353
0.929156 2.562427
0.918284 2.079016
0.990250 1.663952
0.989475 1.498912
0.941776 2.334643
0.970951 1.802178
0.879407 4.989040
0.935995 2.296260
0.907105 3.523186
0.906339 1.847290
0.928395 2.093606
0.919755 2.307904
0.929679 3.142888
0.927320 3.819134
0.960365 3.565680
0.920819 3.293923
0.939828 3.162110
0.989423 2.814972
1.014427 1.012677
1.002522 1.406036
0.972021 3.582426
0.947289 3.030412
0.926680 3.568507
0.833403 3.746777
0.831671 3.906222
0.892779 4.713584
0.950108 2.587897
0.955199 1.137962
1.016989 0.911242
1.021324 1.441226
0.996617 2.211058
0.978791 1.631176
0.963939 2.728596
0.913111 4.448262
0.901961 2.716902
0.943350 1.444677
0.945768 3.025755
0.838071 4.369213
0.859508 5.076443
0.808091 4.230650
0.805181 4.673156
0.804959 5.076598
0.820997 1.800183
0.934254 1.736398
0.956373 0.972188
0.902191 2.403413
0.919584 3.263634
0.861486 5.417926
0.922394 3.928121
0.943311 3.398529
0.886246 4.656502
0.938679 4.500078
0.895081 3.965191
0.885551 4.841711
0.911643 1.614905
0.907415 1.918818
0.937218 1.725389
0.971944 2.976116
0.909815 5.813104
0.998684 2.410871
0.963573 3.262151
0.931251 2.877639
0.956805 1.539475
0.879005 3.372433
0.839665 4.551386
0.781348 5.085491
0.781955 3.323445
0.813873 2.413865
0.793212 1.554662
0.780319 3.144366
0.841408 3.113928
0.814035 5.816360
0.846956 5.390303
0.848060 3.492794
0.894452 1.940461
0.865978 3.787985
0.854866 2.623686
0.832129 2.874328
0.816907 2.645192
0.833361 2.974786
0.939745 1.166607
0.864111 1.681874
0.843100 0.825002
0.824515 3.287866
0.787688 3.570596
0.819781 2.310074
0.858828 4.512675
0.864207 5.861220
0.884989 4.295939
0.918776 4.351430
0.924207 4.217364
0.885547 4.879977
0.881049 4.545228
0.880443 3.681831
0.920371 1.430987
0.862388 2.838316
0.854635 2.933593
0.927789 0.975171
0.897462 1.377665
0.926027 2.359364
0.978390 0.690555
0.962912 2.582099
1.031054 1.962683
1.016865 3.881444
1.028557 3.446772
1.009652 2.086150
1.033984 1.520264
1.024712 1.507623
0.966992 2.782204
0.970927 2.066253
0.930168 3.124120
0.881463 4.554858
0.971650 1.260503
0.914870 3.131437
0.947322 3.080483
0.917191 2.603291
0.864629 4.308507
0.903480 3.137362
0.930573 1.758904
0.877027 5.038807
0.867446 4.284082
0.852125 5.459003
0.889530 5.260367
0.922599 5.233839
0.939582 4.845861
0.930051 4.190737
0.901330 5.041049
0.895558 3.934691
0.878476 3.182692
0.890017 4.122182
0.944717 2.573191
0.951356 2.267968
1.037219 0.973596
1.030690 0.750134
0.999994 1.391951
0.929120 4.120983
0.955437 2.220964
0.946098 4.377729
0.995004 2.638447
1.036206 1.348729
0.982057 2.636221
1.032401 2.797574
0.995113 1.722310
0.969126 3.355190
1.001571 2.243599
0.917442 2.794543
0.952819 2.268157
0.962099 2.927960
0.927072 4.124710
0.917989 2.823068
0.909879 2.476592
0.960170 3.138226
0.954732 3.125544
0.966922 3.246059
0.955011 2.736741
1.013398 2.392615
1.040880 2.336630
1.004995 3.264906
0.992292 4.969732
0.991400 3.238254
1.023486 2.940739
1.059568 0.801173
1.040970 0.474000
0.984604 1.402017
1.075450 1.025852
1.012795 4.950719
0.938542 5.737791
0.996992 3.078861
1.065902 2.023405
1.082043 0.751106
1.035719 2.209339
1.074480 1.407937
1.051982 2.383920
1.043079 2.162688
1.044473 1.776059
1.020525 1.051508
1.044614 1.538070
1.040640 3.314175
0.976880 5.423518
0.997270 4.655537
1.004274 3.082105
0.967191 2.021112
1.011857 1.021383
0.969240 3.308659
1.062596 2.031462
1.011825 3.843897
0.959553 4.737173
0.971882 4.171180
0.997487 5.098862
0.971345 4.668072
1.020228 3.522456
1.015071 3.510655
0.930215 5.056271
0.931941 4.698438
0.911322 3.900525
0.896695 5.151206
0.911591 5.199783
0.878447 5.527378
0.847935 5.601420
0.800610 6.198914
0.822297 4.607127
0.881530 3.112481
0.897625 2.234793
0.836365 3.929951
0.899744 1.529146
0.943017 1.405914
0.958916 2.442932
0.997145 1.975438
0.947834 3.457549
0.951758 3.159818
0.941029 2.056030
0.942340 2.431625
0.951922 2.024214
1.014946 3.410985
0.925146 4.507202
0.893151 3.808972
0.872218 4.686005
0.957658 2.775315
0.977116 3.654286
1.032936 1.312001
0.983847 3.737521
0.926991 3.012705
0.945915 2.972939
0.992513 2.100856
0.982644 2.507440
0.984976 2.733443
1.039358 1.392749
0.999566 1.519903
0.922188 2.360019
0.935607 3.205774
0.922068 3.572512
0.940133 5.230071
0.916107 4.301079
0.936162 3.313596
0.925941 2.948525
0.924169 3.221364
0.935759 4.478529
0.968866 3.547332
0.965402 4.620090
0.965186 2.170487
0.940479 2.499354
0.915838 2.716042
0.887830 1.114529
0.895804 1.007580
0.900506 1.317973
0.867662 3.849545
0.866290 2.607508
0.854251 3.725224
0.895274 4.915866
0.874084 2.527464
0.880240 3.272194
0.880639 4.729091
0.879501 4.571824
0.949706 2.198754
0.919628 5.217826
0.997548 2.731389
0.975571 2.660736
0.986155 2.143355
1.014683 2.152461
0.990000 2.603483
0.949126 2.392591
0.908771 2.082320
0.926527 4.579771
0.927447 4.754634
0.928532 3.414447
0.889826 3.724486
0.950898 3.033523
0.940158 2.881926
0.927673 4.923964
0.948199 2.217743
0.949400 2.185555
0.874547 3.795941
0.878184 5.553154
0.880504 4.538290
0.874322 4.647799
0.892466 4.772874
0.941177 4.885738
0.936053 5.114991
0.909995 3.443518
0.872993 3.954189
0.927017 3.825661
0.906232 5.035861
0.956708 2.329943
0.967443 3.245493
0.974262 3.408654
0.945697 3.141932
0.921077 3.808063
0.971750 1.781436
0.887895 3.978154
0.901256 5.233429
0.877793 4.074147
0.899952 3.658883
0.916302 3.671238
0.936056 4.160815
0.945764 3.570140
0.964889 4.609883
0.951736 4.331405
0.921658 6.050333
0.954198 5.887604
0.956824 4.680541
0.926640 5.101644
0.884263 3.815319
0.864733 5.998962
0.897296 3.672917
0.898479 4.002159
0.933852 3.448176
0.909497 5.094986
0.930646 6.085511
0.886466 6.078739
0.872037 4.646440
0.910316 4.912140
0.907921 4.160404
0.811753 5.359824
0.802778 3.746354
0.851141 4.693486
0.828979 4.322203
0.856427 5.635908
0.901914 3.643833
0.849002 6.677344
0.856818 5.265984
0.921844 4.281484
0.925741 4.873227
0.914650 4.808516
0.889963 4.153301
0.871144 6.651708
0.916888 3.909570
0.920299 5.496736
0.963220 1.701347
0.969744 2.518773
0.869869 4.076283
0.874470 5.116370
0.847808 6.825138
0.873352 5.753645
0.865088 3.343652
0.820289 4.528952
0.816317 6.390614
0.791792 7.329561
0.808551 7.084722
0.812186 5.870814
0.775422 6.902635
0.817656 7.212131
0.867250 5.260427
0.925063 4.073800
0.889727 4.530720
0.829114 5.090622
0.844572 4.090396
0.833582 5.784845
0.808248 6.714442
0.784329 7.219598
0.804576 5.681040
0.788371 6.114613
0.798646 6.939444
0.832641 4.769795
0.848263 4.267742
0.875147 3.284213
0.894019 4.017156
0.940375 2.761542
0.935436 2.578049
0.933049 4.156832
0.912013 4.761754
0.900273 4.388381
0.924081 4.156446
0.920898 4.035808
0.948493 3.237295
0.903424 3.068075
0.895712 3.803952
0.903279 4.395322
0.903498 3.764356
0.941631 4.324431
0.885205 4.366365
0.888556 4.452599
0.866529 5.334248
0.852343 4.567247
0.835681 5.174974
0.884650 4.069586
0.872556 4.433031
0.848925 4.631530
0.837816 3.735999
0.863167 4.761128
0.902101 2.625448
0.875164 5.050896
0.850013 5.356576
0.805654 7.194588
0.791332 6.739609
0.835415 5.440949
0.812509 6.819549
0.821409 5.018227
0.842620 4.780890
0.904197 1.909988
0.883044 4.969499
0.855699 6.111493
0.898311 2.983624
0.886796 4.128102
0.889483 4.288997
0.843047 4.164759
0.837578 4.456683
0.853858 6.148247
0.868106 5.435234
0.930167 3.554330
0.916613 4.636539
0.926517 3.002034
0.935238 2.665856
0.871908 5.356159
0.843656 7.438938
0.879821 6.776173
0.867762 5.233977
0.912467 3.712810
0.879189 4.649681
0.836889 4.640447
0.878046 5.615775
0.884813 4.448250
0.850987 4.869737
0.829245 5.297108
0.819258 7.809546
0.895745 4.909534
0.886368 4.999352
0.887303 5.561263
0.877215 6.545953
0.880367 5.361062
0.898635 4.646728
0.906491 3.986023
0.814271 6.039247
0.839785 6.146600
0.854307 5.360226
0.840840 4.240135
0.851052 4.294026
0.873409 3.987885
0.856656 6.438760
0.868907 4.829100
0.863496 4.238977
0.830652 6.178421
0.868447 6.563166
0.828590 6.980069
0.840927 5.987362
0.841157 5.416253
0.871937 4.142721
0.883088 5.487585
0.888425 4.654818
0.899483 4.123610
0.963552 1.885008
0.918178 3.761285
0.984136 1.485218
0.947350 3.589164
0.904190 5.123867
0.870788 5.667401
0.897519 3.112808
0.924985 3.023543
0.922153 2.154808
0.884671 4.738802
0.905715 3.774779
0.927699 3.269798
0.876947 5.663753
0.945999 1.623503
0.895848 5.220432
0.909172 4.686719
0.902877 3.757877
0.898006 3.507908
0.874146 4.922666
0.885029 3.751647
0.856950 4.250858
0.925717 2.330576
0.880663 4.400469
0.878047 5.139452
0.854286 5.301932
0.855340 6.398959
0.823764 7.731901
0.831406 7.245700
0.887682 4.541407
0.902652 3.883787
0.934205 3.750727
0.953300 2.228163
0.927731 3.288125
0.888151 5.706688
0.848532 6.486226
0.861820 5.895243
0.872956 4.061908
0.878130 2.859759
0.903813 2.350209
0.879221 3.437590
0.908774 3.654549
0.902084 2.521376
0.850159 4.652780
0.812827 6.158635
0.859654 4.054704
0.901183 2.159115
0.969793 1.507284
0.978318 1.647231
0.901265 4.694843
0.958078 2.030769
0.947723 3.455472
0.876193 5.906550
0.882376 3.189562
0.839728 7.342046
0.841555 5.493749
0.825442 5.113122
0.842456 3.406229
0.834059 4.150547
0.880779 4.677494
0.892042 3.865072
0.901281 2.101442
0.891835 4.567494
0.916528 3.983233
0.888227 4.866826
0.891604 2.870978
0.882464 3.898218
0.922322 2.294606
0.957323 2.717422
0.982709 2.369852
1.019178 0.959316
1.034604 0.839161
1.018456 1.798439
1.012998 1.569187
0.995453 2.422565
0.946515 3.236215
0.934423 3.689648
0.936082 3.385751
0.948661 2.841126
0.929535 3.630378
0.966001 2.046340
0.897314 3.922889
0.912351 3.663255
0.898639 4.893098
0.914359 3.346138
0.898867 4.286685
0.887973 4.128602
0.907275 3.278301
0.925109 2.304312
0.921080 4.537093
0.929381 4.016760
0.922195 4.448849
0.948552 2.697052
0.919915 2.742677
0.897427 3.634425
0.827699 6.668606
0.833340 7.322624
0.869488 5.253865
0.942059 3.936002
0.896815 3.353316
0.897691 3.084961
0.878927 6.140451
0.947563 4.046342
0.900365 5.136951
0.954026 3.356052
1.026535 1.371481
0.921629 4.049525
0.912347 3.066031
0.979204 1.916192
0.979003 1.321848
0.896019 3.794897
0.928357 2.513197
0.943656 2.643339
0.889430 3.512471
0.875101 6.115388
0.845999 6.137321
0.886128 5.046214
0.838227 6.802831
0.872274 5.184447
0.844357 5.787293
0.853617 4.714075
0.856698 4.970852
0.872661 5.195463
0.832486 6.822714
0.859844 5.185280
0.841251 4.943369
0.827531 7.799380
0.814871 7.052540
0.815123 7.279100
0.857672 6.408095
0.889323 1.957242
0.861564 3.179912
0.870131 3.607367
0.891728 3.266445
0.925008 3.365615
0.903893 5.195803
0.894859 3.189526
0.920181 3.643839
0.956570 3.122724
0.916212 3.716819
0.982853 2.854786
0.972362 2.882475
0.928536 3.585228
0.932526 2.584044
0.967774 3.686459
0.952984 3.046393
0.942770 3.366892
0.909386 4.280584
0.915154 3.670662
0.914745 3.496753
0.958769 2.474750
0.935865 2.380840
0.910670 1.514258
0.881052 3.354419
0.918734 3.875908
0.970134 3.809869
0.917428 3.727105
0.897937 3.029461
0.918479 2.305777
0.866672 2.845019
0.874968 5.220743
0.896192 2.513672
0.881125 4.038893
0.907904 1.388974
0.896136 2.105214
0.953990 1.578539
0.911284 3.360220
0.855608 4.696489
0.829382 5.787484
0.890553 2.886120
0.868098 4.700563
0.843950 4.599670
0.850510 4.707828
0.871376 3.234904
0.878193 4.917801
0.820190 6.847487
0.846875 6.584300
0.853554 6.345734
0.865508 4.075257
0.807372 6.740723
0.840450 4.997749
0.848478 5.074386
0.815716 5.134463
0.832721 5.689582
0.842057 6.204173
0.881972 4.202254
0.834956 6.074177
0.921838 2.555417
0.906615 3.277242
0.906706 2.644416
0.887983 3.302633
0.848682 3.056677
0.859864 4.057034
0.864444 1.690839
0.870861 2.707787
0.934155 1.825942
0.941051 2.363767
0.906358 2.280645
0.854714 3.846146
0.847711 4.432328
0.878522 5.290946
0.888293 4.958598
0.866421 5.392610
0.896730 3.745688
0.853185 5.604638
0.830682 4.229517
0.791180 5.443592
0.811585 3.936159
0.834430 5.999913
0.836588 6.551304
0.867717 4.181253
0.836702 4.814313
0.830022 5.380737
0.848743 4.447457
0.846176 5.017835
0.792887 5.153842
0.831433 3.744872
0.835894 5.391621
0.900414 4.816985
0.935205 2.485727
0.879364 3.726476
0.908331 3.428450
0.828177 6.543114
0.810526 5.429179
0.822133 7.058938
0.857383 6.091915
0.867185 4.513861
0.859640 3.816552
0.899312 2.428191
0.859994 2.673837
0.838143 2.822328
0.846310 2.417703
0.869191 2.589977
0.904874 2.009240
0.870093 2.570579
0.834813 2.498167
0.850595 2.133262
0.880991 1.497589
0.888881 2.253935
0.924177 1.330136
0.870801 1.856540
0.848540 2.039563
0.759060 4.320153
0.833928 2.835067
0.834155 2.452053
0.853204 3.159512
0.900285 0.886253
0.906562 1.091422
0.876069 3.711520
0.881763 4.410019
0.830617 3.890099
0.870499 4.423190
0.923181 3.752194
0.877612 4.680098
0.862198 5.401155
0.823604 5.838998
0.823603 3.187079
0.768419 7.102906
0.798820 5.767708
0.782716 6.670156
0.776955 6.947003
0.802100 6.919310
0.876216 4.980495
0.896343 4.620812
0.843716 5.118852
0.847544 5.686989
0.846615 6.422120
0.809494 7.084052
0.826414 5.388987
0.814153 4.426369
0.803995 3.776332
0.798160 3.901999
0.798372 4.824366
0.862435 3.708050
0.822214 5.411626
0.853428 3.163366
0.812428 3.160416
0.814497 3.523662
0.778161 4.198260
0.797034 3.883737
0.821378 3.045793
0.860587 2.584608
0.832060 2.986211
0.856401 1.432590
0.859421 1.382979
0.843541 1.667737
0.884717 1.349080
0.937036 1.949576
0.970424 0.758635
0.934694 1.630649
0.905803 1.125058
0.863313 0.894935
0.909163 1.223196
0.936218 0.716654
1.005449 0.485159
1.005110 1.445536
0.979261 1.130922
0.947624 0.860964
0.931376 1.225356
0.904935 1.296419
0.848946 1.493585
0.875766 1.568446
0.878494 1.663028
0.882151 1.574022
0.947119 1.023127
1.011030 0.811667
1.008771 0.965437
0.887259 1.956511
0.921295 1.414465
0.979044 1.444388
1.021695 1.104973
1.073508 0.466739
1.018235 0.653947
0.928615 1.406296
0.889609 1.589276
0.856063 1.488015
0.926522 1.151206
0.846137 2.137595
0.878210 1.185580
0.913912 2.097972
0.977948 1.362606
0.983034 1.795417
0.950522 1.832332
0.962833 1.617286
0.975604 1.578175
0.993005 1.026860
1.016360 1.066776
0.978992 1.965149
0.935500 1.756680
0.960182 1.356692
0.952138 1.532790
0.976595 1.383319
1.000106 0.848068
0.960760 1.803542
0.979754 0.972648
1.010766 0.566119
1.015400 0.815654
0.965223 0.970456
0.952112 1.566190
0.974305 0.403847
0.953419 1.283755
0.966530 0.445396
0.918594 0.417470
0.947105 0.493878
0.974910 0.591942
0.968405 0.502094
0.977445 0.761502
0.993537 0.906577
1.017906 0.685464
1.043775 1.236030
1.041986 0.485755
1.039011 0.677050
1.013973 0.796757
0.993409 1.209912
1.044840 0.490282
1.027867 1.108720
0.974355 1.482078
0.877504 1.240800
0.858269 1.335822
0.859033 1.396362
0.853418 0.600977
0.896221 0.403674
0.857569 0.574299
0.863103 0.777878
0.890285 0.534612
0.886100 0.934089
0.893321 1.101571
0.956637 0.691145
0.966868 0.681015
0.986904 1.124312
0.960505 1.198176
0.929614 0.790244
0.952603 0.499604
0.962643 0.238174
0.882277 1.035602
0.857782 1.516420
0.892841 0.518072
0.890044 0.591817
0.880774 0.722115
0.867599 0.527480
0.860692 0.780858
0.826548 0.835575
0.856081 0.463192
0.860757 1.114020
0.944717 0.443715
0.894815 0.597940
0.895898 0.387378
0.913803 0.337905
0.918716 0.319904
0.951580 0.484364
0.962703 0.365091
0.914146 0.604026
0.997787 0.297780
0.885084 0.550603
0.925521 0.671270
0.959768 0.313900
0.868105 0.548471
0.886877 0.377474
0.907260 0.278468
0.868553 0.291357
0.915722 0.326683
0.912795 0.401911
0.866132 0.555187
0.837624 0.899247
0.793880 0.612609
0.844159 0.544195
0.834930 0.446356
0.907140 0.182564
0.977792 0.229684
1.030055 0.093261
0.991439 0.230874
0.970996 0.182470
0.896961 0.327021
0.877814 0.348236
0.929267 0.302619
0.882475 0.312740
0.824594 0.453335
0.812459 0.704008
0.817182 0.582802
0.781011 0.471116
0.817668 0.859184
0.823777 0.532054
0.805499 0.710599
0.830789 0.557937
0.839489 0.512646
0.847168 0.574441
0.829887 0.557197
0.853506 0.375241
0.904718 0.555594
0.874984 0.319957
0.862102 0.548294
0.841661 0.589259
0.842944 0.627079
0.809344 0.748080
0.872130 0.429350
0.831305 0.476423
0.901727 0.571744
0.928468 0.529220
0.948111 0.345094
0.902021 0.353891
0.964730 0.372411
1.033418 0.289775
1.023231 0.402360
1.046273 0.233302
1.026456 0.350295
1.092414 0.225405
1.120443 0.203405
1.124040 0.164387
1.066455 0.323328
1.008071 1.318537
1.037399 0.408964
1.047422 1.131949
1.068639 0.826605
1.029333 0.799877
1.060326 0.233204
1.047729 0.499168
1.015262 0.400811
0.959588 1.524714
0.934057 1.301621
0.929328 1.081970
0.917713 1.057612
0.892592 1.242430
0.868737 1.346147
0.866974 1.278470
0.905507 1.351839
0.891331 1.133135
0.902132 1.284957
0.917663 0.992690
0.922395 1.110153
0.880715 1.168828
0.857574 1.817382
0.796756 1.948870
0.741600 0.712223
0.749408 2.077713
0.767884 1.495651
0.796048 1.673130
0.816575 2.372455
0.812192 1.262656
0.867111 1.188618
0.884748 1.450827
0.939373 1.310840
0.915998 1.362280
0.931994 1.117039
0.931508 0.659141
0.919415 1.229832
0.849164 1.160906
0.864060 1.069370
0.918643 1.083120
0.862776 1.568058
0.833984 1.465312
0.840365 0.852631
0.832889 1.534155
0.815484 1.555645
0.821025 1.261352
0.851856 0.915877
0.841307 1.363241
0.814164 1.913941
0.826028 1.515912
0.862563 1.545127
0.871788 1.590499
