1.546739 0.011010
1.546739 0.011010
1.580944 0.009141
1.558703 0.010422
1.516655 0.011630
1.524262 0.010467
1.531327 0.011643
1.544965 0.010570
1.522971 0.011288
1.518172 0.012547
1.476272 0.014003
1.433385 0.017428
1.435032 0.017676
1.419453 0.015328
1.372706 0.017813
1.336814 0.033115
1.341998 0.025375
1.296305 0.027387
1.235084 0.034619
1.268276 0.028577
1.330640 0.031230
1.374557 0.016877
1.405633 0.021724
1.408353 0.020844
1.400581 0.022170
1.383201 0.025561
1.414198 0.020704
1.323327 0.033914
1.315361 0.031789
1.358080 0.021725
1.328273 0.030461
1.314270 0.036353
1.311546 0.035763
1.256037 0.079815
1.233144 0.077251
1.195366 0.084063
1.142715 0.087516
1.222657 0.073260
1.217412 0.064647
1.164213 0.058041
1.169753 0.076076
1.201181 0.066491
1.152897 0.093003
1.215102 0.078854
1.212843 0.069346
1.202766 0.066969
1.134549 0.079728
1.202438 0.084327
1.214286 0.061330
1.262453 0.105666
1.240917 0.140131
1.189957 0.723205
1.132134 0.579348
1.087824 1.151920
1.156880 0.230825
1.155655 0.819037
1.120998 0.117606
1.106615 0.235766
1.085972 0.276152
1.037259 0.415811
1.004244 0.501301
1.065525 0.586618
1.088185 1.172404
1.138227 1.193554
1.061180 0.750985
1.003246 1.138473
0.975718 0.959189
0.977454 0.687355
1.010664 0.512793
1.012120 2.233465
0.981937 1.460512
0.969782 0.868541
0.971263 2.012623
1.062661 2.202182
1.090790 1.467321
1.016434 0.721570
1.041376 0.404214
1.044267 1.642912
1.045691 1.106559
1.090593 1.172611
1.110557 0.273073
1.053890 1.665012
1.057095 1.667294
1.036221 0.790343
1.087306 1.019589
1.136790 0.495149
1.074594 0.967237
1.019628 0.765550
1.013607 0.921705
1.057799 1.684518
1.055244 2.090915
0.949194 1.655054
0.942135 2.346932
0.931494 1.446786
0.873156 1.756263
0.846615 1.566780
0.885130 0.775901
0.882232 2.375689
0.895596 0.974119
0.912912 1.428176
0.899645 2.089116
0.986483 1.737174
0.953162 1.474688
0.914791 1.116743
0.922541 0.731149
0.869424 0.436810
0.889264 2.175463
0.901695 0.737502
0.872758 1.594446
0.860088 1.717425
0.866017 2.072899
0.799066 1.642933
0.813884 1.384870
0.874332 0.583958
0.991323 0.932539
1.023878 2.015301
0.965356 2.733917
0.978463 3.055103
0.952094 2.921547
0.909976 3.096901
0.994378 2.823945
0.977207 2.184560
0.926597 3.134460
0.880672 2.719722
0.854980 2.967577
0.907816 2.666679
0.878524 0.915580
0.877185 1.097133
0.879726 1.021670
0.855465 0.621350
0.820867 1.246994
0.800435 0.768993
0.799928 1.765662
0.856663 0.967391
0.839407 2.065053
0.801510 2.928600
0.817664 2.470310
0.836832 1.776850
0.891797 0.408973
0.814019 1.419406
0.818431 1.178894
0.837888 2.139089
0.896877 1.952389
0.898922 2.150845
0.900243 0.524341
0.856941 0.709288
0.810122 1.598706
0.869732 1.463827
0.902802 1.710462
0.912128 1.453479
0.929553 2.904933
0.945931 2.319222
0.897290 1.257541
0.870377 1.588681
0.858783 0.871620
0.893111 0.407945
0.917439 0.592494
0.853022 1.147267
0.917196 1.313771
1.004026 1.816260
1.067018 0.521657
1.005767 0.717970
1.011792 0.519188
1.026755 0.637125
1.075115 0.468196
1.062217 0.399558
1.120802 0.782243
1.143318 0.971181
1.120390 0.563622
1.128962 0.388860
1.161413 2.101571
1.147117 1.637123
1.095695 1.838332
1.057427 2.150765
0.992124 1.657368
0.956250 1.747309
1.024865 1.310369
0.940940 1.308707
0.966986 1.490528
0.909595 1.653661
0.925571 1.192873
0.947711 1.157800
0.929151 1.394062
0.926621 0.756471
0.944713 0.978659
0.901764 1.794332
0.865755 1.716284
0.860105 1.447621
0.858529 1.287643
0.908538 1.557285
0.913334 1.413085
0.942845 0.892071
0.937052 0.453009
0.917918 0.473778
0.939999 0.400955
0.925205 1.702078
0.884765 3.026149
0.854239 3.949046
0.866273 2.828707
0.835419 2.177467
0.835083 3.314959
0.880608 2.161979
0.966820 2.771546
0.950225 2.707468
0.953087 3.990632
0.917927 2.034392
0.836627 4.959479
0.784741 6.924477
0.781455 5.155193
0.792709 5.612398
0.816706 5.326548
0.835147 4.101349
0.857413 2.427244
0.919744 1.379794
0.882903 1.733374
0.833272 3.183317
0.793298 3.993930
0.791704 3.447839
0.790015 1.717342
0.784593 2.945742
0.779913 3.305096
0.800454 2.928142
0.778047 2.746992
0.796853 3.066469
0.775217 3.485919
0.785953 3.413887
0.807619 3.577669
0.746424 5.841337
0.798853 5.568998
0.819020 6.835203
0.762141 7.138740
0.757556 7.001868
0.797384 6.468013
0.797519 4.721980
0.875529 1.699606
0.836711 2.534098
0.827111 1.512982
0.766407 3.983394
0.763404 3.439995
0.704102 3.626149
0.724446 3.671915
0.743808 4.156122
0.814071 2.213562
0.761542 5.688462
0.738110 6.748452
0.749332 6.813085
0.796586 5.314701
0.824995 3.942797
0.811739 3.733728
0.845930 6.848684
0.858334 6.023234
0.807330 5.334344
0.797670 6.091279
0.707472 6.875896
0.725393 6.289319
0.781111 7.141493
0.805881 6.908372
0.803543 7.130440
0.803737 6.918688
0.807170 7.068488
0.803904 6.840400
0.750127 7.014618
0.746894 4.745977
0.721850 5.489818
0.747025 4.586235
0.745640 6.051036
0.822334 3.717207
0.819742 3.348445
0.805928 4.525774
0.747539 5.562878
0.758711 6.166406
0.780203 4.855347
0.854134 3.963186
0.836064 6.548089
0.851552 5.446769
0.831352 6.579825
0.878960 6.558766
0.884224 5.725178
0.889920 5.728732
0.899369 5.721088
0.967173 4.908290
0.963300 5.269449
0.896878 5.400038
0.856634 6.598474
0.850676 5.565727
0.875746 3.312226
0.885106 4.850940
0.871416 5.665694
0.930023 2.495425
0.898387 2.571182
0.942316 1.737116
0.894779 1.689654
0.778766 6.613846
0.857434 4.620179
0.802538 5.051668
0.843639 5.104045
0.793202 7.109092
0.826930 6.594263
0.834423 7.054217
0.837299 6.416231
0.852965 7.026196
0.883091 6.671630
0.854079 6.192780
0.822678 6.229721
0.877800 4.343078
0.864939 6.283409
0.921186 3.471460
0.887745 4.389531
0.928303 1.962224
0.920942 6.013984
0.937397 1.618677
0.930451 5.257306
0.919698 3.816828
0.888909 5.549634
0.920287 6.401983
0.897687 6.151788
0.944303 3.361019
0.891164 5.498000
0.852054 6.068684
0.823430 6.836465
0.874395 4.239154
0.866673 3.970252
0.922361 2.536474
0.979439 0.953372
0.976336 3.041422
0.937605 3.150655
0.870896 3.424674
0.809636 4.795716
0.772392 5.417367
0.797485 5.469146
0.861334 4.341275
0.838602 5.188967
0.825237 3.928728
0.931670 4.176199
0.935735 3.653030
0.919531 3.542785
0.842319 4.307102
0.853008 3.570496
0.924031 2.600048
0.821719 5.388163
0.840945 5.444091
0.837531 2.574976
0.825952 5.427183
0.862431 4.463022
0.843716 4.753709
0.841485 4.870886
0.936377 1.437050
0.964442 2.837201
0.962133 1.914723
0.955889 1.956500
0.855042 2.900119
0.905335 2.716396
0.949151 0.635562
0.907395 3.981246
0.913122 4.390422
0.891571 3.820872
0.873352 5.139718
0.815393 5.203364
0.883122 4.963348
0.889903 3.776311
0.880671 4.487454
0.865124 4.650235
0.856631 2.661084
0.812968 4.117569
0.908022 2.400373
0.860198 5.002165
0.864324 3.268253
0.904693 4.460696
0.887462 3.966272
0.858870 3.813107
0.914431 4.028999
0.897103 2.739698
0.929182 1.615551
0.928022 2.513770
0.919073 3.041367
0.892386 4.944633
0.947278 3.170399
0.884524 4.479189
0.876868 5.060659
0.912743 5.161724
0.870358 5.312358
0.882729 5.130029
0.852680 5.224794
0.910940 4.208481
0.888170 4.819266
0.889063 3.241176
0.885176 4.039139
0.879396 3.003351
0.841868 4.055974
0.770566 5.479963
0.835526 3.435732
0.850062 5.006039
0.834750 4.721131
0.865567 2.807717
0.825685 4.812580
0.813886 5.426738
0.907510 4.632939
0.807344 4.898837
0.834904 5.042744
0.856419 5.467101
0.920717 3.567948
0.913559 4.042323
0.877334 4.849887
0.849230 5.269006
0.871748 3.811808
0.829395 4.425454
0.797522 4.429511
0.827609 5.254958
0.844961 4.151398
0.787570 4.958993
0.814155 4.011990
0.755612 6.345952
0.809102 5.611790
0.797302 5.613490
0.804847 5.207789
0.763610 5.265352
0.778735 6.119847
0.861398 3.484308
0.854111 5.034638
0.801469 5.922640
0.785942 4.611321
0.760317 4.650946
0.777321 5.173115
0.780512 5.638039
0.796038 6.102657
0.805567 6.319907
0.774768 6.589576
0.838449 5.837925
0.823875 5.552417
0.789561 2.524608
0.876454 1.871015
0.805378 5.938374
0.824870 4.077666
0.841298 4.560874
0.896698 3.968708
0.934242 4.303799
0.922383 3.846701
0.888940 3.805277
0.882336 5.754792
0.870717 5.264223
0.879229 5.695701
0.830561 7.128006
0.843504 5.735008
0.813744 6.960547
0.870695 5.702125
0.867350 5.328191
0.941557 2.991720
0.881135 4.759925
0.911318 5.216324
0.924818 3.880733
0.860101 4.079202
0.879289 4.500002
0.832319 7.100342
0.788659 6.416824
0.773962 4.699530
0.732466 7.183013
0.791553 6.218227
0.838448 3.586496
0.743056 5.129142
0.825951 3.884077
0.838167 4.291779
0.842117 5.325548
0.792343 6.090997
0.760416 6.578773
0.737556 5.635545
0.725724 3.870871
0.750342 4.884596
0.717177 6.486237
0.759326 5.369954
0.725562 6.445864
0.741045 6.902609
0.771668 6.640017
0.784835 6.492630
0.833027 6.418376
0.837892 3.363792
0.804969 7.043024
0.779695 7.023815
0.762475 7.003671
0.791903 6.926044
0.775210 6.862602
0.793973 5.278219
0.752517 6.873185
0.776595 6.570222
0.775925 7.152210
0.835861 6.076360
0.856037 2.607010
0.872000 4.986899
0.881605 6.662225
0.882031 6.249028
0.891708 6.141301
0.878709 6.427626
0.889541 5.286156
0.860409 5.819130
0.889764 4.377511
0.862994 5.899982
0.812913 6.985263
0.798627 7.348187
0.787553 7.025439
0.791153 5.443525
0.831789 4.865301
0.778673 7.901160
0.816217 7.239714
0.775831 6.833217
0.817338 7.269863
0.780856 8.235165
0.758243 7.961264
0.758182 7.642502
0.732372 7.245628
0.768042 5.991998
0.753641 8.222795
0.810281 6.316186
0.797075 5.729826
0.817441 4.789746
0.803626 5.015247
0.763461 7.592764
0.793881 5.672924
0.746016 8.166341
0.808528 6.491476
0.761823 7.825008
0.803830 7.277888
0.809430 7.144265
0.781461 8.059159
0.778969 8.025676
0.806490 8.101574
0.808540 8.066899
0.806265 7.559887
0.787497 6.872141
0.760609 7.024707
0.762214 8.187663
0.764743 7.959383
0.813342 7.204807
0.827184 7.762841
0.834057 7.337335
0.835975 7.799178
0.849005 6.985409
0.921195 5.182618
0.912981 4.113764
0.868343 6.611870
0.830905 7.706896
0.866111 7.310026
0.856297 7.507057
0.819982 7.786031
0.792600 8.162102
0.799036 8.161241
0.845862 5.612253
0.853352 6.314671
0.839990 7.195625
0.857087 6.327690
0.832805 7.741025
0.871299 6.623395
0.891278 6.165167
0.873981 5.618059
0.857160 5.999173
0.868883 4.055466
0.896321 5.664166
0.880521 6.366855
0.856935 6.916804
0.852850 7.052991
0.862802 6.032482
0.831593 6.654385
0.820160 7.373957
0.838051 6.932058
0.814893 6.367387
0.868465 4.374394
0.821019 5.919678
0.906772 3.554874
0.816282 6.566286
0.797171 7.266522
0.810474 7.097186
0.817538 6.026145
0.817391 5.778875
0.760881 6.229747
0.786278 5.466779
0.762117 5.163551
0.844652 4.730369
0.824477 4.420438
0.853710 3.468264
0.834205 5.738271
0.868263 4.908863
0.814906 6.091785
0.784533 6.417368
0.786447 5.985142
0.811693 6.147638
0.826428 6.186597
0.841344 5.993102
0.755451 6.433384
0.776410 5.721451
0.785111 5.687550
0.760025 2.746843
0.737314 3.838326
0.739230 4.131054
0.803021 4.899577
0.825582 2.078063
0.833306 4.000188
0.892280 4.978734
0.899220 4.450654
0.909329 6.034809
0.893707 4.455138
0.845519 5.412125
0.859712 4.809676
0.884187 5.843113
0.919019 3.749936
0.901908 3.974175
0.902357 4.088787
0.939313 3.688868
0.950894 1.960204
0.977874 2.664080
0.988370 3.087684
0.920779 4.800111
0.902607 5.836884
0.831137 6.066469
0.857800 5.818955
0.915616 5.113881
0.946989 4.941909
0.978504 3.194573
1.016348 1.569773
0.997382 1.331541
0.959023 2.954903
0.989291 2.611542
1.005107 1.878114
1.038134 0.892660
0.969377 1.251072
0.961106 3.783172
0.935794 4.109416
0.922226 3.706607
0.866791 3.750991
0.915968 2.725759
0.844607 3.902085
0.903083 4.670489
0.942349 5.254024
0.972007 2.736555
0.957607 1.551665
0.911760 4.167818
0.943469 4.305179
0.938293 3.136864
0.968901 3.785642
0.966028 3.189265
0.938434 4.216001
0.924529 5.103480
0.929345 4.928714
0.920079 4.349711
0.944582 3.661137
0.983511 2.145243
0.955116 1.662624
0.968905 3.584133
0.944887 5.231675
0.987985 3.275391
1.001511 3.367032
0.963932 3.154443
0.972823 2.533875
0.974103 4.399603
1.013892 2.993643
1.013443 2.263710
0.989683 4.423483
0.998358 4.770973
1.004514 4.239560
0.898850 5.282105
0.932244 5.020276
0.937420 3.796397
0.897854 5.349518
0.955031 4.948376
0.955181 4.635133
0.974805 4.777448
0.944742 4.997031
0.977103 3.947304
0.955171 3.993752
0.918900 4.297322
0.915469 5.214109
0.940704 5.184088
0.950920 4.862947
1.007617 2.847230
1.033416 2.284377
1.008463 3.870638
1.019612 2.207218
1.018269 1.692024
0.953069 2.898777
0.934967 4.697042
0.970244 4.273987
0.952767 3.662385
0.925337 3.473707
0.908033 2.077321
0.904572 4.025060
0.892895 4.009897
0.872099 4.776305
0.889871 4.919977
0.920910 1.852116
0.908624 2.154939
0.881229 3.454866
0.918353 4.542312
0.921995 3.259992
0.930186 3.882794
0.939276 3.464634
0.958396 3.473955
0.916490 4.199137
0.883219 4.426061
0.839434 5.444725
0.846708 5.048161
0.823526 4.871148
0.800912 4.742340
0.808463 4.624381
0.802797 3.295267
0.833577 3.635252
0.864222 3.437467
0.901980 4.423340
0.847104 4.650559
0.865893 1.501422
0.890705 4.072831
0.944521 4.163321
0.968764 3.544394
0.934574 4.147818
0.898865 4.513195
0.845922 4.989708
0.902354 3.313168
0.932003 2.921714
0.909834 4.469386
0.932607 4.217724
0.912220 4.564120
0.826596 5.336134
0.831544 3.866260
0.872813 3.204480
0.934701 4.100809
0.930216 1.877627
0.902492 4.930961
0.913834 2.586961
0.878444 5.143150
0.836050 5.267786
0.851879 2.719303
0.847921 1.584781
0.859994 2.654254
0.909587 1.632636
0.912989 3.601557
0.906602 2.726066
0.909686 3.068165
0.899279 5.287911
0.855471 4.874125
0.890311 5.212439
0.889215 5.320511
0.903825 5.412367
0.947814 4.493712
0.962931 4.645722
1.019581 3.163470
0.989842 2.684617
0.904491 2.560660
0.850349 4.467322
0.886584 3.799163
0.851216 6.091336
0.863663 5.353322
0.905854 1.914686
0.854181 2.434922
0.832153 5.910855
0.799896 6.008405
0.750194 6.565075
0.779477 5.608411
0.792139 4.385434
0.752942 6.166789
0.735999 6.242819
0.769839 6.415912
0.779691 6.567063
0.837160 6.955071
0.868227 3.344360
0.766981 7.102450
0.803600 7.487445
0.783901 7.144846
0.757972 5.898854
0.767144 5.433304
0.832013 6.317692
0.843168 3.591958
0.841167 5.519698
0.854958 5.857930
0.821031 7.517793
0.833305 4.001257
0.799653 6.679433
0.777715 5.668532
0.781284 7.139442
0.794798 4.474362
0.773733 6.660835
0.810287 6.130183
0.868587 5.376106
0.850453 4.863658
0.843817 5.950070
0.826203 6.595168
0.768760 7.934548
0.792394 7.629863
0.750881 7.817433
0.757722 8.115183
0.834435 7.206830
0.776631 8.017122
0.800635 7.914285
0.777812 7.838961
0.786642 7.619405
0.827092 6.075051
0.843969 4.962838
0.840041 5.000097
0.836609 5.089670
0.817693 7.832203
0.816659 7.290426
0.875863 5.878022
0.884637 4.699886
0.858456 4.730614
0.878535 2.687161
0.878350 3.776886
0.883123 5.099377
0.902964 2.062767
0.823525 5.175847
0.772297 7.121448
0.830422 6.363179
0.850548 7.124778
0.818051 7.040711
0.825677 6.465544
0.804781 6.944803
0.810046 4.354513
0.810383 6.351583
0.835278 4.891683
0.818792 4.893239
0.832015 3.844824
0.830275 5.752428
0.855363 5.292049
0.867739 6.461769
0.882085 6.129699
0.918677 4.387931
0.886744 4.735295
0.901946 1.746817
0.871831 3.021116
0.858876 4.770044
0.799366 7.221110
0.793924 7.220988
0.818197 6.540380
0.862533 6.203439
0.808614 6.707599
0.785413 7.555219
0.791195 7.312570
0.840154 5.830918
0.798859 5.476800
0.806983 3.919228
0.823875 6.238793
0.854075 4.198511
0.823387 4.913825
0.856866 2.387760
0.780808 4.725224
0.799433 5.423172
0.787557 4.771579
0.809485 5.195766
0.783716 6.161546
0.812760 6.969956
0.833725 6.790488
0.858448 3.962884
0.816336 3.582044
0.828094 4.875088
0.824484 4.848533
0.884640 3.538033
0.897011 1.654028
0.845679 4.317658
0.904102 3.429530
0.848710 5.484450
0.841442 7.418971
0.804143 7.973100
0.810613 7.960339
0.787388 8.340333
0.776954 8.933905
0.763242 8.734872
0.772239 8.459789
0.757259 9.126146
0.773111 9.009930
0.759645 8.904158
0.807370 8.261659
0.804530 6.853701
0.817020 7.486211
0.828901 7.614425
0.898255 3.175397
0.868243 5.385263
0.871820 4.565136
0.840145 3.196911
0.769231 3.820069
0.787604 4.618119
0.829747 4.802139
0.779316 7.190244
0.818838 6.498441
0.822279 4.355209
0.826711 1.761913
0.820645 2.757639
0.825312 3.194523
0.828799 5.141548
0.846794 6.745998
0.858831 6.585615
0.884734 5.646562
0.845135 5.083883
0.836747 6.270121
0.913854 4.789542
0.839116 6.695628
0.859482 5.009351
0.862120 5.007674
0.822443 3.809777
0.794749 3.757606
0.800836 2.808582
0.789452 3.660649
0.829709 1.557306
0.792205 4.692402
0.792605 4.460804
0.802178 3.704072
0.802120 3.253836
0.792948 3.211700
0.810185 4.501392
0.906308 3.020679
0.898670 1.858625
0.852803 3.570960
0.851932 3.820965
0.853648 3.773169
0.900444 1.615892
0.894462 4.206885
0.893996 1.274585
0.857275 2.201244
0.847506 1.730053
0.845205 2.643291
0.879974 1.741712
0.871700 1.191283
0.857388 3.522485
0.865832 1.807370
0.888421 6.111286
0.924142 5.211686
0.926369 3.846165
0.934836 2.963098
0.996617 1.192715
0.907407 3.728716
0.929207 3.318336
0.973829 1.851709
0.929737 2.810282
0.922268 3.685317
0.874207 4.915472
0.833771 6.447435
0.840083 6.564591
0.853342 6.321313
0.801712 8.126361
0.837941 6.216340
0.860960 5.782168
0.887357 4.420549
0.863616 5.808583
0.855491 5.188580
0.812673 5.185210
0.818864 3.760207
0.842579 6.018218
0.863610 6.123217
0.861263 6.375618
0.838381 6.683160
0.892370 5.749656
0.896493 5.198671
0.831429 6.145979
0.785228 6.513785
0.821271 5.778273
0.842979 4.868361
0.831388 3.425534
0.789798 5.200626
0.776398 5.336963
0.767844 4.881751
0.827425 2.956546
0.836917 3.973282
0.852646 4.806096
0.826592 6.617610
0.827420 5.220524
0.829333 6.267388
0.861677 4.496625
0.847270 3.845274
0.765157 7.659340
0.784836 8.080325
0.812299 7.067801
0.792321 8.186078
0.808924 5.706773
0.842126 6.977082
0.817540 6.371957
0.825310 8.117915
0.861043 7.627948
0.857350 7.096002
0.834164 6.484061
0.842227 7.030505
0.788105 4.880431
0.818911 7.959717
0.790692 7.708775
0.806695 4.167066
0.781242 6.959498
0.823864 7.232043
0.796788 7.478493
0.767444 7.996767
0.801014 8.067062
0.814689 6.719682
0.785625 6.964872
0.800653 5.987052
0.830264 6.303440
0.890485 2.422817
0.953924 1.259159
0.966389 1.663174
0.925431 3.378006
0.920314 3.238452
0.875255 4.298120
0.857144 3.744890
0.832006 4.808936
0.914694 2.875688
0.889517 5.109352
0.924910 4.464456
0.926443 3.834139
0.838308 2.693169
0.871218 3.449321
0.921868 2.887383
0.964923 1.992449
0.974454 4.401307
0.935287 2.724826
0.915241 4.038580
0.877222 5.328234
0.984795 3.037531
0.992832 1.634680
0.938521 2.566843
0.933702 4.352877
0.977546 3.244869
0.974674 3.349326
0.940299 2.577145
0.945941 2.884320
0.941272 1.848593
0.945655 1.797213
0.946533 4.244166
0.954307 3.727689
0.929964 3.837144
1.001326 1.322895
0.932134 2.805722
0.921035 4.120931
0.926071 4.867207
0.911500 5.234415
0.902473 4.863796
0.829884 5.152662
0.832568 5.820945
0.829253 7.703294
0.852715 6.549639
0.798655 7.938487
0.757717 5.430608
0.741964 5.551171
0.765176 4.837013
0.815288 5.916366
0.796568 6.258432
0.819139 4.438714
0.796423 6.515285
0.834051 7.007782
0.822506 7.036920
0.791592 8.175384
0.828028 7.769280
0.779521 8.087919
0.777416 8.042535
0.756419 8.181436
0.783508 7.621898
0.772826 5.798658
0.803362 6.551643
0.867054 5.949091
0.771475 8.078481
0.791582 7.047040
0.792663 6.609086
0.859419 7.017673
0.828053 6.782073
0.809490 7.418486
0.801165 6.612901
0.799223 7.668558
0.862285 4.632250
0.881046 5.323599
0.921898 3.706566
0.903664 5.052836
0.905013 3.442829
0.910959 3.423410
0.903093 4.303894
0.857139 5.227147
0.838693 4.660844
0.852310 3.650499
0.811141 4.646851
0.826507 3.266081
0.854553 2.668916
0.863120 3.621969
0.878988 3.133378
0.916119 4.437235
0.844634 7.188338
0.838775 7.784610
0.926102 5.825587
0.907852 5.944257
0.923506 3.444458
0.960268 2.786641
0.925903 2.290521
0.926605 2.449749
0.955240 1.464825
0.853777 4.215222
0.821098 7.428833
0.893737 4.335355
0.810220 7.762969
0.758829 7.879965
0.747725 7.702319
0.791670 7.217375
0.782033 8.084401
0.825779 6.980432
0.853370 6.159431
0.840122 5.928539
0.770713 4.812461
0.775067 4.085786
0.794765 5.628416
0.840522 4.863004
0.853426 1.936709
0.817027 1.669838
0.865675 1.797918
0.906173 1.918355
0.878360 3.275898
0.848092 4.479329
0.796266 4.726110
0.801503 3.721364
0.830357 3.468309
0.827488 3.481746
0.799604 2.288326
0.765746 5.823526
0.792124 6.214763
0.776380 4.550498
0.771289 5.162505
0.781160 4.624695
0.752490 4.327956
0.781995 3.430255
0.809704 1.946518
0.813618 4.370133
0.837662 3.859211
0.807631 1.899794
0.764061 3.583377
0.825779 2.492629
0.853290 5.135673
0.869172 4.541765
0.823843 3.413450
0.800931 3.904675
0.783345 6.328314
0.768594 5.685253
0.803343 6.027694
0.768527 6.314481
0.787991 6.243333
0.795477 6.765854
0.778128 6.227286
0.813491 6.296892
0.840552 5.964910
0.795532 6.427326
0.773906 6.231233
0.796842 4.739703
0.847949 6.275928
0.866279 5.148173
0.849461 5.877511
0.854905 4.774637
0.822123 4.741019
0.812619 3.867491
0.795821 5.916361
0.808596 7.365660
0.776942 8.063527
0.834215 7.351431
0.874069 6.784378
0.945214 2.974955
0.903266 5.150241
0.930218 3.057078
0.894752 2.640909
0.888457 5.311722
0.904911 6.379286
0.876063 7.201951
0.925568 6.027899
0.922195 5.613641
0.993233 2.340672
0.909984 2.906348
0.905626 2.867864
0.873398 4.290946
0.849305 4.723532
0.890407 3.978372
0.878278 4.166723
0.886678 4.135757
0.860948 5.013507
0.884347 4.627755
0.794298 8.085633
0.799436 6.569942
0.781756 8.045067
0.819579 6.949505
0.817620 5.759793
0.815607 5.700687
0.834884 7.699153
0.784389 8.148323
0.781829 7.809921
0.865840 7.176230
0.888047 7.128980
0.899546 6.791409
0.937723 5.090908
0.875641 5.940084
0.884475 5.237691
0.858520 5.303013
0.845194 5.670929
0.872629 5.348667
0.818933 4.657017
0.913298 3.907214
0.901697 2.889342
0.800938 6.269927
0.846264 5.463884
0.881976 4.101230
0.897160 4.748637
0.879096 3.965645
0.836328 6.918835
0.799451 7.139712
0.840476 6.088469
0.867108 5.192882
0.764023 7.034712
0.823745 6.729430
0.818821 7.060024
0.806127 4.598183
0.856730 4.646419
0.845749 5.776512
0.923202 6.147033
0.914933 6.017623
0.892973 4.525601
0.917598 5.875882
0.896368 5.763034
0.904258 2.881434
0.940459 4.279092
0.900454 6.054686
0.871506 6.504884
0.843852 4.714383
0.806719 5.177147
0.822925 3.934552
0.865938 5.835173
0.911472 5.215614
0.955319 2.966788
0.844087 5.546451
0.791925 6.304581
0.873603 5.600982
0.893334 3.856083
0.893400 3.145409
0.948668 1.969094
0.907326 5.378131
0.923720 5.366105
0.942664 2.306418
0.851556 4.135369
0.833866 3.880439
0.877439 3.526202
0.904981 2.827770
0.881540 2.570372
0.859405 6.230740
0.878422 4.853350
0.867821 4.254302
0.864081 4.299213
0.811783 4.180992
0.812085 5.585236
0.818867 4.984693
0.832775 5.603595
0.829083 2.733005
0.881592 1.278024
0.819248 4.181332
0.827660 4.897919
0.847551 5.910389
0.866789 5.155363
0.871760 5.913275
0.896413 4.791576
0.878378 4.849908
0.864602 5.119415
0.819647 5.807050
0.833831 5.706334
0.885561 5.196873
0.865194 4.902148
0.898283 2.722552
0.916486 1.446990
0.865388 1.654519
0.841961 3.025331
0.735861 5.742725
0.826169 3.421383
0.817970 5.214745
0.873869 5.291579
0.887082 5.058743
0.940296 3.221831
0.922318 2.526025
0.882565 5.100822
0.868649 5.307716
0.898790 2.553507
0.843561 4.556176
0.844348 4.401367
0.823489 5.148267
0.845648 4.444432
0.799336 5.954716
0.770226 5.665977
0.761400 6.863330
0.740700 7.207776
0.753836 6.986651
0.833113 5.234966
0.835720 4.233320
0.905812 5.763639
0.892412 6.139981
0.833551 6.712134
0.853501 6.190350
0.795903 6.232987
0.791697 7.044857
0.800837 7.067740
0.807911 6.332652
0.785833 7.148856
0.773301 6.267673
0.776754 6.106675
0.791725 5.792080
0.810541 6.510579
0.866352 6.513572
0.861932 6.575894
0.902662 4.106453
0.837604 5.996985
0.841950 6.220024
0.794113 6.722193
0.872220 3.342485
0.852836 3.901471
0.866930 4.800952
0.915763 2.544712
0.903401 3.944786
0.872770 5.160411
0.848003 4.885869
0.849011 6.531213
0.840152 6.376710
0.838346 6.905661
0.887553 6.625101
1.015811 0.660602
0.870632 4.937390
0.865522 6.289089
0.839864 6.413226
0.863636 4.616947
0.836418 5.496788
0.789260 5.928781
0.860144 6.073983
0.828651 6.262727
0.842832 5.154240
0.854747 4.684935
0.893591 5.118552
0.847972 6.164996
0.845048 6.904529
0.854790 5.884979
0.787441 7.086370
0.777644 7.065922
0.754364 6.916860
0.748254 3.387837
0.792844 6.534050
0.826729 6.983978
0.852143 5.760232
0.937205 3.391909
0.891355 2.813641
0.886727 4.455378
0.869045 3.811076
0.849884 6.212185
0.810751 7.121694
0.815461 7.020973
0.803523 6.384291
0.771590 6.857695
0.781595 6.709562
0.755615 6.906395
0.758308 5.652323
0.741345 7.065104
0.770515 5.031650
0.837856 4.468483
0.822489 5.689128
0.822418 5.555856
0.814783 5.453057
0.763116 4.180974
0.774983 3.187710
0.758897 5.632989
0.742416 4.761680
0.752880 4.472745
0.758890 6.517169
0.835824 4.049287
0.821518 5.133346
0.784992 7.109630
0.779316 7.026211
0.783806 6.904903
0.784393 6.609220
0.756697 6.864157
0.751691 6.726264
0.786102 6.601672
0.780545 6.558741
0.823996 6.496235
0.804989 6.634119
0.776472 7.207089
0.790035 6.893394
0.804843 7.176453
0.849572 6.774097
0.850103 6.454517
0.828485 6.715206
0.832966 5.830619
0.742014 7.045447
0.794648 7.116796
0.881987 4.807474
0.889629 4.835779
0.875681 4.652114
0.947499 3.127415
0.981563 2.824247
0.990119 1.609256
0.930303 2.836185
0.868168 6.787949
0.882508 6.773617
0.850464 6.875673
0.854223 5.394255
0.831578 5.912513
0.887744 3.479676
0.823877 3.246325
0.844665 4.793171
0.958348 1.349117
0.970805 2.864973
0.970436 3.439842
1.006715 0.902458
0.930757 1.861275
0.945080 2.162735
0.941285 3.570463
0.917535 4.192603
0.946670 3.764089
0.907784 3.458895
0.923306 1.866736
0.925131 4.935506
0.880397 5.026168
0.872283 4.877411
0.848718 4.979150
0.849446 4.083899
0.808839 4.504211
0.809802 5.346271
0.836865 5.213973
0.862539 5.156372
0.884169 4.802542
0.877403 5.409282
0.876988 4.582075
0.906441 5.044633
0.934648 3.491236
0.972503 3.125955
0.932633 2.570629
0.850964 4.467211
0.930532 2.551035
0.976449 2.814531
0.888284 4.590120
0.914109 3.758295
0.944183 2.423792
0.940266 3.066564
0.987853 1.253048
0.964025 1.791540
0.944722 0.864318
0.898765 1.522220
0.937230 1.950964
0.979203 2.390616
0.889261 5.122695
0.925986 3.699910
0.934389 1.763940
0.875471 5.910839
0.873347 5.428544
0.832132 6.059402
0.762454 6.152716
0.834650 5.648133
0.803475 6.333005
0.802104 5.605812
0.783674 6.024899
0.828304 6.365812
0.880885 5.391448
0.901094 4.284983
0.945353 3.151195
0.959725 4.049552
0.965012 2.734527
0.951133 3.767869
0.908343 5.345600
1.003939 2.508089
0.923821 5.465473
0.934983 3.161292
0.898960 4.803740
0.916722 4.324050
0.993329 2.820453
0.901155 3.572013
0.854293 1.820131
0.818404 2.504941
0.876608 3.190880
0.874034 3.141572
0.908244 2.925021
0.890169 2.931114
0.885130 4.256750
0.923738 4.820456
0.889569 3.746269
0.858076 6.378445
0.843626 4.408849
0.880425 3.650817
0.904600 2.784832
0.900656 2.634779
0.877366 5.149121
0.829921 6.250592
0.891897 5.622080
0.939556 4.417542
0.876770 5.856616
0.898727 3.839020
0.879786 5.748300
0.903912 5.065688
0.869152 5.940349
0.823453 7.009046
0.795063 6.628370
0.850527 4.846098
0.832092 6.137115
0.855364 5.429065
0.831478 6.776245
0.850081 7.236876
0.871883 6.403106
0.829625 6.213979
0.859171 5.621503
0.825526 5.862805
0.861363 5.601811
0.818163 5.472005
0.790468 7.158350
0.833583 2.716590
0.891015 4.194223
0.835028 5.281303
0.772119 6.730118
0.786276 3.534595
0.777496 2.877352
0.773072 2.319045
0.812532 1.916789
0.847711 3.757457
0.822260 3.863008
0.769065 7.749367
0.818051 6.892797
0.861497 4.382550
0.781114 8.020114
0.801025 7.657609
0.761704 6.354738
0.730664 6.655694
0.757325 5.393157
0.815615 5.513553
0.786797 4.611647
0.794507 4.534075
0.783271 6.987484
0.791347 5.150106
0.792036 6.963158
0.748658 7.152593
0.732536 6.471028
0.770900 4.548736
0.768294 5.095411
0.806361 2.904250
0.789164 6.343207
0.739443 7.149884
0.754393 6.800096
0.791989 6.917212
0.840004 6.715921
0.858369 5.643240
0.797064 7.579379
0.788651 7.308948
0.892765 4.924143
0.896341 3.031876
0.887496 2.962230
0.855092 5.358109
0.865971 3.967855
0.839208 5.534816
0.805359 6.274064
0.829285 4.397689
0.897182 2.860997
0.883334 3.605239
0.852994 4.952625
0.818993 7.227192
0.843562 6.296086
0.853735 5.303666
0.806523 6.208728
0.830996 5.018582
0.810481 4.642408
0.816456 4.837451
0.785329 5.197565
0.799982 5.266550
0.783969 7.137295
0.786425 7.700869
0.755338 7.938722
0.746231 7.879628
0.765562 7.146020
0.770604 7.325578
0.791110 6.829144
0.793792 7.079784
0.795312 8.218703
0.817457 7.872296
0.809314 7.433648
0.817444 7.051930
0.806283 7.080965
0.803611 5.967605
0.815458 6.167126
0.818185 7.048108
0.813828 7.541910
0.810287 7.815725
0.830826 4.173404
0.826546 5.388465
0.792116 5.326118
0.825312 5.602464
0.804350 7.011998
0.803154 8.690716
0.761491 8.379146
0.758705 8.736029
0.801200 8.350104
0.811708 7.166589
0.790211 8.413687
0.756944 9.120711
0.782943 8.625340
0.810670 7.047844
0.781491 7.271429
0.784815 8.011070
0.788894 7.375455
0.795388 7.784749
0.819234 7.762033
0.803315 5.099076
0.776525 5.589698
0.830015 6.285530
0.808058 7.681361
0.823957 7.155517
0.806514 6.696545
0.855355 5.897619
0.848486 6.854685
0.852807 5.526993
0.863313 5.145569
0.847259 5.891524
0.859090 4.399359
0.852436 4.808850
0.808876 4.907526
0.754128 5.286474
0.794864 4.845398
0.791929 7.064371
0.813236 7.134800
0.753630 8.993239
0.783517 8.134009
0.804200 6.927525
0.853242 6.434297
0.842835 4.540873
0.834111 5.497921
0.842649 6.230494
0.831941 5.835109
0.814462 8.176939
0.840557 7.593280
0.849311 6.984627
0.841730 7.055411
0.823321 6.424172
0.813304 6.017719
0.786094 5.852548
0.794163 6.311214
0.854099 4.016690
0.837810 6.488927
0.866979 4.115610
0.867655 4.848483
0.874615 4.379537
0.886487 4.303127
0.805021 7.178008
0.800423 8.176766
0.829512 6.630728
0.756324 8.517063
0.770505 8.682340
0.781265 8.433982
0.787919 6.894414
0.798071 6.094021
0.819815 5.346165
0.781559 6.529906
0.814647 5.933106
0.810061 6.322554
0.783213 8.350299
0.773660 8.033630
0.848962 4.826397
0.825411 5.514468
0.879434 4.847522
0.860981 5.335782
0.833266 6.326520
0.832344 5.407935
0.844584 5.915395
0.831163 6.525266
0.852999 5.501008
0.825466 6.203914
0.786254 8.682579
0.859950 5.579717
0.821209 7.014731
0.779393 8.843159
0.737613 5.616621
0.788204 4.767748
0.844981 4.095507
0.832237 5.408504
0.807833 8.584737
0.811735 8.395441
0.814289 8.245330
0.820622 7.400853
0.789276 8.748888
0.794728 8.303538
0.822793 7.374574
0.816190 8.581209
0.798426 8.105203
0.809163 8.234514
0.809088 5.407323
0.814289 4.420294
0.859041 4.284146
0.781968 9.040268
0.834001 7.141893
0.829905 5.700330
0.818207 8.402041
0.794712 8.478682
0.823440 5.485452
0.818508 6.022412
0.808314 7.031867
0.791869 8.590937
0.809148 7.334570
0.877771 4.747823
0.900258 4.483013
0.893063 4.448591
0.876326 4.153553
0.941561 2.441384
0.854180 5.972587
0.816973 7.459704
0.825594 7.426686
0.844938 7.096500
0.835593 7.192304
0.843311 6.840017
0.830968 7.384053
0.808574 8.395628
0.843191 7.222778
0.871775 6.126316
0.839115 7.651753
0.868879 6.146699
0.838861 6.608013
0.845219 5.947468
0.838245 7.756881
0.850404 5.545349
0.872955 5.491687
0.818345 8.267341
0.769641 8.707211
0.758310 8.492412
0.769065 8.476968
0.758811 9.089148
0.791061 7.562067
0.795595 8.952655
0.850326 5.898152
0.853770 5.866194
0.884624 5.275334
0.872135 6.570856
0.917531 4.342410
0.898842 4.360967
0.884643 4.269490
0.833841 4.625461
0.823111 4.557568
0.847780 3.644358
0.793418 3.254312
0.739871 3.972507
0.762847 4.272014
0.821923 5.905826
0.823033 7.580188
0.841521 7.356188
0.858362 5.300774
0.827100 6.271601
0.842840 5.262649
0.851569 7.026407
0.868167 5.158695
0.774955 8.663574
0.787284 7.656570
0.852497 7.998920
0.858970 6.036574
0.841501 7.342048
0.843356 6.686921
0.880026 4.885280
0.893497 5.668578
0.870139 6.209517
0.897537 5.364744
0.867295 4.843978
0.846566 5.213004
0.880839 3.846132
0.796237 7.311008
0.781516 7.089872
0.828590 6.110850
0.818742 7.196647
0.809921 7.142784
0.796996 7.331022
0.807521 7.278335
0.849306 7.188126
0.870154 6.700395
0.873719 5.858216
0.931141 2.803829
0.860820 3.861718
0.905538 2.762654
0.854481 5.512082
0.816168 5.786647
0.824333 6.991845
0.809836 7.305295
0.857078 6.368818
0.858424 6.220840
0.852572 5.688081
0.853702 4.170199
0.877471 5.798132
0.886033 3.994707
0.860210 2.742253
0.866810 6.304495
0.836024 6.378939
0.784299 7.279867
0.830907 6.140409
0.831282 3.775940
0.800153 5.350325
0.839526 4.624139
0.845569 4.829412
0.905700 3.186936
0.893072 3.927708
0.883582 3.610008
0.822375 2.385471
0.815622 2.260797
0.807527 2.611311
0.790123 4.774191
0.768677 5.157796
0.789859 5.485601
0.803440 5.137700
0.826471 6.169027
0.881790 4.555302
0.831990 6.328649
0.858206 4.810732
0.850281 4.565863
0.856601 6.427311
0.879639 4.088068
0.879371 5.079359
0.835089 5.765417
0.850509 5.297856
0.830054 4.376380
0.803108 5.044432
0.878821 5.165140
0.881187 5.452710
0.885880 3.512124
0.858236 3.905910
0.891536 4.949601
0.861389 6.550404
0.846026 6.742367
0.841853 5.327920
0.843228 3.638863
0.864868 3.289587
0.870307 3.742744
0.859431 6.478089
0.898628 4.031567
0.875962 4.673089
0.831749 7.207088
0.837575 7.740360
0.811669 6.500349
0.759961 5.799472
0.811991 5.308826
0.814471 5.722410
0.740127 7.972155
0.774618 3.322225
0.791502 2.855060
0.761218 3.023470
0.714992 4.133559
0.732996 3.053960
0.740205 2.688122
0.781617 1.502205
0.783791 1.500906
0.740779 2.655810
0.749651 3.754940
0.733603 3.515522
0.754726 3.635499
0.737401 2.571560
0.721219 3.608964
0.674686 1.536633
0.702597 1.659211
0.677902 2.267435
0.688831 1.042976
0.667557 4.038707
0.668519 2.638415
0.686364 3.800890
0.664307 4.097203
0.655724 3.606524
0.656654 3.782276
0.678951 2.909031
0.664529 3.575628
0.680823 3.153167
0.729804 2.916238
0.713921 1.038681
0.669686 1.222385
0.677328 2.057282
0.664820 1.873094
0.665644 3.586772
0.636477 3.992161
0.661627 3.053439
0.650716 3.532520
0.668525 3.017884
0.656781 3.217956
0.669803 3.324262
0.664136 3.617731
0.683351 3.311093
0.659723 4.316759
0.666079 3.921229
0.663304 4.175121
0.728072 1.249016
0.717959 2.756331
0.675967 3.583777
0.681042 4.589207
0.757124 4.264314
0.799371 4.183806
0.823039 5.217418
0.819751 6.915706
0.819913 7.197830
0.841130 5.305382
0.770371 3.667333
0.844977 3.795024
0.814552 7.157793
0.796461 5.895931
0.791149 3.567729
0.839506 2.138886
0.840890 4.778390
0.832670 5.145526
0.835115 6.762505
0.796398 8.156590
0.857374 6.661015
0.866304 5.800254
0.833971 6.020203
0.817778 6.390562
0.878062 5.349060
0.842144 5.684309
0.844408 7.387306
0.833088 7.465352
0.791543 7.946510
0.872813 4.660536
0.819025 5.769367
0.879091 4.633457
0.898501 4.913225
0.855122 7.910458
0.848823 7.593358
0.783155 8.806836
0.815844 8.444935
0.800676 8.257762
0.797310 5.170621
0.805729 6.566619
0.774255 6.584559
0.808861 5.881092
0.798309 6.990863
0.795766 6.758258
0.838350 5.943703
0.879102 4.984235
0.882151 3.937294
0.943545 3.102461
0.827532 8.071895
0.820541 6.154637
0.815152 5.171697
0.833125 3.944900
0.843202 2.570548
0.786817 5.453525
0.818334 5.336726
0.811206 6.816012
0.817398 7.383771
0.831547 7.551125
0.750996 9.137709
0.772976 8.977921
0.771408 8.625987
0.787401 7.785132
0.812914 6.546625
0.847745 3.975186
0.846114 4.554567
0.896374 3.502249
0.872664 4.801303
0.810779 5.109624
0.769090 6.700832
0.801471 4.660062
0.832990 3.119912
0.852815 3.697054
0.862718 5.044860
0.792023 7.137557
0.802194 7.113463
0.803924 7.026902
0.850690 5.337417
0.876902 3.590220
0.896174 3.569528
0.917707 2.259208
0.890064 3.475340
0.840142 5.949315
0.811634 6.258061
0.802569 6.453212
0.825568 7.074931
0.842559 7.164927
0.844685 6.885758
0.833952 6.235277
0.803499 7.402494
0.817410 5.645648
0.788455 7.808144
0.811319 7.535391
0.811072 7.689369
0.734161 8.399633
0.732513 7.585263
0.740545 8.156538
0.733898 6.308829
0.791037 7.881452
0.848299 5.992578
0.885437 2.893446
0.842571 4.963580
0.844587 5.189646
0.861442 5.638409
0.882059 5.164932
0.866819 5.227328
0.828512 7.025269
0.836933 6.744388
0.775644 7.918602
0.789385 7.921477
0.797463 7.890344
0.791166 7.207272
0.869487 6.672020
0.870298 6.206400
0.860411 7.000007
0.844863 7.386616
0.815674 7.857057
0.791953 7.109165
0.813270 5.211894
0.823409 6.692883
0.850471 5.955968
0.867408 6.308057
0.848828 5.670344
0.865380 4.615286
0.883789 5.594394
0.938040 2.721988
0.951884 1.599936
0.930578 2.564961
0.945180 1.831931
0.860629 4.708582
0.866258 3.501184
0.804329 6.298385
0.771206 7.978983
0.761194 8.079756
0.772691 8.365742
0.764324 7.899319
0.768886 5.350893
0.773446 5.573768
0.821955 7.382166
0.808971 7.005758
0.804326 5.569243
0.822176 6.521195
0.830557 4.985643
0.779505 6.438833
0.827771 6.692799
0.812039 5.868852
0.798977 6.409644
0.796082 7.400947
0.776760 8.519660
0.778102 8.397093
0.805941 7.655214
0.767911 8.720357
0.722518 9.137311
0.780849 8.387209
0.759594 8.229788
0.786654 7.374887
0.778176 7.503134
0.783283 6.428287
0.800936 6.878182
0.825608 4.174364
0.834164 2.927695
0.822705 4.631668
0.809906 7.158417
0.793873 8.663022
0.777174 8.975646
0.757239 8.694619
0.770762 8.796026
0.769809 8.633320
0.766781 8.883334
0.790928 7.865035
0.804260 8.398461
0.806358 6.414654
0.798903 7.001431
0.810091 7.126217
0.796074 6.956242
0.788505 8.026679
0.826624 7.615697
0.791310 8.068457
0.849849 5.398837
0.829018 5.649345
0.892557 3.859256
0.883882 5.430164
0.833648 6.628964
0.883033 3.830982
0.905901 3.507918
0.972620 2.321296
0.920464 2.964244
0.824488 6.344176
0.799280 6.570322
0.828771 4.721793
0.802550 5.317653
0.779536 2.847957
0.782402 5.095652
0.758326 4.915476
0.750646 6.277456
0.740579 6.057443
0.798223 5.266546
0.858295 2.744205
0.840852 6.352555
0.839965 6.681613
0.753211 8.996818
0.784008 8.204564
0.818172 6.069993
0.798617 6.967546
0.792958 6.698388
0.808902 3.279157
0.777362 6.448642
0.760334 2.914717
0.725287 3.691385
0.722699 1.644183
0.725779 2.616047
0.751704 3.179813
0.798754 2.570176
0.781812 1.870261
0.841061 1.510689
0.833474 0.795990
0.777416 1.196440
0.799866 1.219331
0.846077 0.879884
0.777940 1.473459
0.749953 1.427153
0.723057 3.189860
0.734605 2.268208
0.701553 3.801220
0.733544 3.361845
0.753388 4.208790
0.742594 4.558314
0.759056 3.225496
0.768853 1.865455
0.758335 2.172482
0.749024 1.584382
0.767794 3.668946
0.771334 1.978712
0.756095 1.768886
0.785373 1.145099
0.742578 4.596325
0.722341 2.912349
0.720424 5.382058
0.742498 5.231826
0.694594 5.219909
0.694917 5.255635
0.678868 5.145101
0.714253 5.269317
0.726895 4.758785
0.766131 4.374481
0.827364 1.913702
0.846494 2.342875
0.865043 1.629416
0.810086 4.487035
0.767622 4.789483
0.784483 2.667795
0.732691 4.954769
0.769081 4.019909
0.751349 5.819977
0.760811 3.038737
0.728960 3.296430
0.721782 3.656661
0.738895 4.421550
0.744397 4.503603
0.723210 3.821469
0.723768 6.024411
0.724070 6.159705
0.847344 4.939772
0.889799 3.975643
0.894156 5.013710
0.932726 2.860252
0.887523 4.245133
0.903231 1.952643
0.838908 3.362485
0.793576 3.399645
0.759856 2.393802
0.761840 1.327965
0.733893 4.792075
0.733046 3.815681
0.742327 4.869469
0.780521 5.165135
0.849319 3.298274
0.817509 3.198581
0.800543 2.743422
0.795190 4.215497
0.769483 3.924910
0.771084 2.867986
0.688867 5.283340
0.707752 5.628991
0.685409 5.575927
0.712019 6.037460
0.750630 5.324098
0.825718 5.360349
0.883418 4.804415
0.922608 2.971684
0.855557 6.026068
0.893030 4.231757
0.813074 5.154766
0.792251 5.396613
0.814495 5.658937
0.817380 6.125254
0.800007 5.985555
0.820061 5.752139
0.913054 5.002114
0.908912 6.040235
0.959916 5.438035
0.897866 5.764808
0.961690 2.414899
0.957276 4.210939
0.961621 2.936189
0.923516 4.290172
0.999783 3.377950
0.907724 5.733833
0.971506 5.014431
0.957322 5.433587
0.980839 4.049176
0.939164 2.986326
0.991074 2.438948
1.034872 2.031708
0.994690 2.821627
0.954277 2.458265
0.970094 4.449975
0.948359 5.240580
0.914057 5.164096
0.945361 3.091127
0.894214 5.036010
0.856588 4.855186
0.827711 4.543629
0.774250 3.444000
0.782435 3.386534
0.816866 3.970517
0.865758 4.487119
0.828912 5.247950
0.860371 3.518648
0.911316 1.973345
0.922955 4.897550
0.859355 6.124490
0.851895 6.082158
0.859957 5.672992
0.801137 6.116735
0.791515 4.770422
0.865471 5.829499
0.864390 6.073422
0.826537 6.018337
0.909856 4.224991
0.908839 4.095248
0.870383 5.360035
0.917737 5.553296
0.825732 5.811724
0.830749 5.961550
0.848217 6.048717
0.890672 5.443564
0.879301 4.883760
0.894932 5.033203
0.910343 2.629821
0.962154 2.243829
0.889753 4.139827
0.837994 6.106582
0.772270 4.280971
0.728188 3.700008
0.733305 2.955635
0.737684 3.455701
0.727930 3.214558
0.735529 2.866923
0.839988 4.604776
0.823438 7.038969
0.850385 6.606737
0.804638 5.800749
0.871128 5.408644
0.909586 4.176574
0.963917 3.308856
1.040138 1.304732
1.010037 4.451610
0.984432 3.049456
0.929590 4.405780
0.907169 4.196263
0.891579 4.862236
0.908693 5.114180
0.941724 3.291780
0.892533 5.055907
0.848455 5.395160
0.772600 5.612532
0.818232 4.905210
0.851183 4.997864
0.897493 3.625896
0.890775 2.380348
0.949535 2.111623
0.931639 2.955393
0.940021 1.892668
0.889764 1.899642
0.828744 3.222510
0.803973 4.098186
0.852577 3.671362
0.824104 5.416207
0.843591 3.577415
0.865157 4.186976
0.845801 5.833129
0.781948 7.069234
0.882705 3.659961
0.893619 5.372620
0.911041 2.707455
0.884382 5.754546
0.839342 7.144180
0.782520 7.189210
0.842208 4.541501
0.866350 4.189125
0.892570 5.373974
0.877560 4.873051
0.908755 5.511560
0.843401 6.217861
0.848694 3.954828
0.785487 3.995987
0.826717 1.502564
0.837538 2.232930
0.790489 5.811445
0.812377 4.199839
0.801546 6.627701
0.748865 7.085414
0.756176 7.149442
0.813724 6.389674
0.843576 6.322248
0.910904 5.172799
0.898910 5.846836
0.923876 4.969858
0.966995 4.257942
0.903689 4.926199
0.901294 6.014982
0.893656 5.680589
0.893472 6.375159
0.887840 6.272126
0.798684 6.968813
0.782343 5.632016
0.808339 3.921642
0.829396 5.986488
0.809823 5.189823
0.802374 5.236989
0.879014 5.381626
0.871176 4.114277
0.843651 5.753312
0.933893 2.295280
0.843940 3.904142
0.823308 3.946199
0.833790 4.278726
0.874750 2.397154
0.862698 2.896893
0.873462 1.191448
0.766298 6.292929
0.795045 7.194132
0.833938 7.091799
0.857909 5.993747
0.896410 5.032654
0.845767 5.621387
0.899277 3.525772
0.938311 4.379628
0.959468 2.021311
0.975093 2.740056
0.938799 4.326209
0.991330 1.784219
0.976587 2.569942
0.941319 2.682368
1.001468 1.162804
0.923810 4.496398
0.834384 5.030338
0.846406 4.192950
0.919374 3.267139
0.872444 5.607247
0.889432 6.024058
0.897284 5.839532
0.990224 4.901006
1.010956 4.452039
0.971008 4.601541
0.944693 4.534719
0.960863 5.333726
0.951800 3.500296
1.016856 1.841132
1.007927 3.244776
0.979153 3.313348
0.884023 2.727133
0.879812 3.972252
0.884633 4.192252
0.874742 6.004393
0.828364 5.889250
0.854579 5.892614
0.889024 6.094694
0.909412 5.761335
0.919913 3.683841
0.912819 3.277064
0.927114 4.407831
0.920971 3.481233
0.918233 3.169168
0.829101 5.881475
0.867604 4.569891
0.894962 6.225409
0.921009 5.033502
0.939316 4.354491
0.935661 3.416389
0.908809 5.218923
0.888949 5.165663
0.953235 3.665405
0.936505 4.177152
0.847921 4.747820
0.795724 5.629964
0.824133 5.612837
0.807895 3.843934
0.787624 3.799656
0.825530 3.761005
0.801968 3.823434
0.855882 1.792800
0.814806 2.764687
0.864516 3.886515
0.872718 2.464455
0.895340 1.681119
0.877236 1.441382
0.835391 3.661029
0.891725 1.775515
0.912154 1.716359
0.837187 2.577493
0.821875 3.193983
0.808537 3.418609
0.820646 6.091696
0.865385 5.892378
0.886141 6.067313
0.858758 6.039841
0.863973 5.435959
0.843868 6.018667
0.794559 5.427771
0.852901 3.661696
0.893212 5.024505
0.813234 5.925796
0.769472 5.725406
0.847139 3.659891
0.923744 5.999260
0.900654 5.635247
0.872673 3.752530
0.864335 4.115645
0.849948 3.596518
0.864372 4.115334
0.861335 2.573076
0.889097 3.567149
0.852485 4.302819
0.848929 5.014475
0.875809 4.428037
0.842291 5.972131
0.851645 5.336658
0.925596 3.092342
0.829255 4.819397
0.835085 5.049351
0.825767 3.341677
0.819198 4.193438
0.846887 1.977974
0.899457 1.404229
0.832152 3.358268
0.780858 3.822541
0.797685 4.225032
0.805973 4.337255
0.808798 4.047165
0.814627 4.124532
0.825545 2.640617
0.792060 4.052476
0.809248 2.591574
0.810307 3.832609
0.789204 4.260820
0.763799 4.574366
0.793660 3.042070
0.727612 1.818585
0.769270 2.555665
0.794917 1.860310
0.747433 1.865198
0.766768 1.821460
0.787855 2.495220
0.810664 1.847136
0.831381 4.002042
0.854925 2.970366
0.872707 2.255014
0.891365 1.886081
0.872396 4.283105
0.850246 3.483882
0.823727 3.471144
0.812856 3.580380
0.843703 2.346225
0.856387 2.226067
0.886461 2.530232
0.858501 2.088476
0.836926 1.801885
0.773329 1.152636
0.787569 4.578896
0.790911 3.149178
0.813965 1.673856
0.841145 1.479227
0.880967 2.197942
0.879756 4.260622
0.905259 1.539113
0.886729 5.156677
0.925346 4.732668
0.915111 4.587426
0.908148 4.890447
0.893073 3.730409
0.869891 4.315856
0.880605 3.454443
0.889578 4.729390
0.968107 1.395786
0.936806 4.281181
1.004718 1.772340
0.950804 2.631696
0.917347 3.046551
0.932612 3.225239
0.984579 0.648462
0.931087 2.877789
0.879306 2.637571
0.911888 0.305787
0.861130 1.069496
0.837618 1.006075
0.804501 1.217982
0.775452 1.336729
0.819481 0.827022
0.887342 2.090709
0.891062 1.814648
0.907771 1.873985
0.860596 2.066425
0.808946 1.695222
0.762325 1.807882
0.767038 1.703423
0.762868 1.657097
0.755151 2.127035
0.725604 1.934776
0.822409 2.159140
0.850518 1.400730
0.860528 0.839604
0.763391 1.680602
0.700145 2.086443
0.738131 1.168629
0.750486 2.161495
0.804080 1.371390
0.879704 0.965337
0.872519 0.955019
0.882422 0.991425
0.874584 1.572866
0.944361 1.165725
0.999181 2.081886
0.987675 2.275891
0.953904 2.431516
0.927548 0.542099
0.880242 1.070103
