1.546739 0.011010
1.546739 0.011010
1.561342 0.010252
1.470258 0.015606
1.498157 0.011919
1.458883 0.012239
1.489384 0.011894
1.475493 0.014034
1.480396 0.014368
1.476152 0.014792
1.386146 0.026773
1.388866 0.023619
1.345009 0.033202
1.307305 0.046122
1.330941 0.028636
1.343493 0.032079
1.312602 0.033268
1.305667 0.026254
1.276750 0.032893
1.302833 0.025481
1.250215 0.042339
1.249136 0.034755
1.181945 0.048991
1.117717 0.064195
1.151903 0.084294
1.185084 0.045130
1.180878 0.032230
1.129182 0.052729
1.132966 0.047213
1.122700 0.036937
1.080340 0.040771
1.011062 0.047021
0.961333 0.068400
0.975652 0.055934
1.081612 0.037102
1.032730 0.056451
1.012627 0.063442
1.083370 0.050999
1.082970 0.060366
1.133297 0.041486
1.152291 0.051279
1.216646 0.036700
1.129879 0.062342
1.190117 0.023056
1.150653 0.028220
1.083541 0.042311
0.999089 0.042043
0.958976 0.069426
0.986569 0.076589
1.042428 0.070843
1.091023 0.087599
1.105379 0.088426
1.117151 0.097288
1.140504 0.085337
1.186344 0.118214
1.123282 0.082808
1.126482 0.086492
1.088975 0.064781
1.073668 0.054491
1.073789 0.067001
1.075331 0.089959
1.137212 0.069632
1.078231 0.096296
1.124935 0.084354
1.179468 0.076763
1.175327 0.059169
1.073388 0.077538
1.049291 0.066581
1.076076 0.074755
1.079097 0.110738
1.029518 0.096392
0.904348 0.113372
0.869350 0.107297
0.877859 0.073764
0.915618 0.094124
0.867537 0.126922
0.944517 0.141472
0.935391 0.147019
0.989374 0.183275
0.990312 0.143004
0.945303 0.128816
0.930682 0.102566
0.944658 0.133342
0.930685 0.149929
0.913378 0.202891
0.966821 0.116399
0.977243 0.130459
1.026437 0.110178
0.968898 0.141970
0.994522 0.136056
0.969485 0.161459
0.917022 0.168249
0.890196 0.110014
0.908484 0.101426
0.923879 0.136522
0.960730 0.130747
0.978320 0.124658
0.966691 0.155983
0.948737 0.164554
0.966761 0.160806
0.936681 0.184502
0.868919 0.194405
0.840333 0.311599
0.816888 0.519704
0.830288 0.658131
0.797043 0.389536
0.788303 0.589551
0.783728 0.370371
0.787354 0.347415
0.761004 0.412870
0.771179 0.572197
0.790419 0.480470
0.796720 0.419335
0.771686 0.400569
0.796715 0.626043
0.829922 0.488604
0.791828 0.505030
0.811734 0.467288
0.731291 0.350133
0.758089 0.408715
0.741926 0.356919
0.759012 0.431586
0.721882 0.371192
0.786790 0.256842
0.832731 0.306862
0.834026 0.291758
0.822192 0.457117
0.829020 0.480301
0.823378 0.434720
0.774313 0.427681
0.786652 0.581376
0.781321 0.552499
0.717013 0.466580
0.680922 0.526421
0.734730 0.573105
0.756118 0.575130
0.788654 0.622423
0.780691 0.608604
0.772298 0.332686
0.827511 0.447199
0.778051 0.344748
0.714784 0.485095
0.706378 0.613469
0.732633 0.446288
0.767129 0.443022
0.717100 0.437225
0.705699 0.476982
0.734982 0.853316
0.741227 1.361630
0.708485 1.305765
0.771948 1.087128
0.776849 1.457811
0.795820 1.213354
0.856597 1.096682
0.771047 0.494696
0.836619 0.298665
0.843838 0.461662
0.826565 0.404332
0.826813 0.686147
0.793391 1.078372
0.786449 1.201081
0.763027 1.153403
0.735425 1.336634
0.740825 0.888100
0.697674 1.170557
0.700618 1.281116
0.688771 1.380046
0.653648 1.506007
0.695050 1.573406
0.719610 1.585197
0.745872 1.129781
0.732563 1.441886
0.780687 1.355225
0.772796 1.059067
0.680245 1.215749
0.686035 1.240577
0.638093 1.304948
0.655265 1.365598
0.641137 1.009739
0.642563 1.430514
0.694661 0.648414
0.673569 0.491408
0.664153 0.802788
0.655742 0.757797
0.685631 1.290347
0.671635 1.379082
0.672407 1.290040
0.682920 1.324321
0.688926 1.023449
0.679688 1.519709
0.678702 0.920367
0.688011 1.379937
0.636907 1.013922
0.665883 1.310012
0.645470 0.810136
0.668152 0.770589
0.655371 1.405204
0.701606 1.332921
0.695221 1.138569
0.648140 1.298395
0.656804 1.327414
0.672047 1.232602
0.671651 0.947368
0.660569 1.497011
0.664130 1.309522
0.679988 0.976470
0.657643 1.243566
0.664367 0.875746
0.643950 1.106886
0.661559 1.002866
0.649819 1.060500
0.644330 0.700387
0.663308 1.070418
0.654965 0.996847
0.650879 1.183552
0.659566 0.994605
0.658377 1.257639
0.653106 0.944880
0.635295 1.341350
0.660346 1.131534
0.658485 1.265016
0.654110 1.465416
0.651590 0.992707
0.664447 0.952715
0.657975 1.027841
0.689514 1.445467
0.660124 0.735764
0.655267 1.486241
0.648171 1.485836
0.647432 1.173268
0.658441 1.258975
0.656378 1.305276
0.643324 1.411793
0.650694 1.360583
0.627626 1.233654
0.623639 0.848279
0.608047 0.914571
0.617325 0.887392
0.618414 1.252436
0.625619 0.969108
0.635141 1.169636
0.635886 1.196329
0.640129 0.937305
0.618692 0.962230
0.646621 1.220305
0.638163 0.854989
0.636052 0.613702
0.646899 0.664139
0.658522 1.039451
0.619713 0.831834
0.618533 0.872005
0.624265 1.248707
0.634602 0.634429
0.650533 1.174757
0.651778 0.963330
0.658858 0.759672
0.641870 0.838776
0.648405 1.159081
0.630179 1.265125
0.628783 1.375937
0.655130 1.256195
0.623629 0.901784
0.644074 1.377153
0.628054 1.165068
0.622557 1.023425
0.644688 1.246736
0.649533 0.798593
0.619586 1.263173
0.636278 1.457837
0.625101 1.050528
0.621786 1.320196
0.634592 0.849996
0.699134 0.548119
0.650653 1.211697
0.631739 1.318636
0.655525 1.265842
0.639148 1.304763
0.659561 1.237946
0.647033 1.353366
0.650748 1.225194
0.693142 0.678356
0.660016 0.769769
0.651206 1.277677
0.651744 1.128676
0.678880 0.900389
0.651018 0.950131
0.648710 0.460353
0.666893 0.769322
0.654701 1.055583
0.676246 1.145531
0.644449 1.058171
0.652798 1.246633
0.662987 1.253694
0.663320 0.895261
0.655604 1.369794
0.668639 0.619381
0.655445 1.408462
0.654201 0.950733
0.649077 1.384984
0.658243 1.315411
0.667276 1.296481
0.668434 1.406010
0.650674 1.373550
0.667450 1.206201
0.655877 1.245903
0.674124 1.192048
0.662467 1.277632
0.670295 1.323241
0.654256 1.386592
0.671411 1.324672
0.663858 1.322698
0.656186 1.385514
0.665555 1.393499
0.662921 1.365884
0.658890 1.265605
0.662037 1.161358
0.655076 1.296991
0.664387 1.338097
0.645471 1.276031
0.706382 0.388587
0.661866 1.339733
0.668040 1.373703
0.639845 1.137278
0.630138 1.149463
0.616381 0.730485
0.620438 0.662395
0.626612 0.556929
0.636285 1.225628
0.668498 0.717798
0.635700 0.801554
0.624137 0.632968
0.631416 0.327524
0.637098 0.934042
0.631663 0.893017
0.633112 0.746364
0.640653 0.877537
0.630021 0.617710
0.624840 0.511583
0.618670 0.654771
0.641433 0.739775
0.641896 1.206387
0.627623 1.193328
0.673363 0.761786
0.678838 1.258302
0.644962 0.724333
0.663373 1.068155
0.657541 1.371226
0.649649 1.313097
0.643314 0.856840
0.650307 1.469200
0.629745 1.346457
0.655601 0.852161
0.672070 1.135647
0.667659 1.025250
0.662986 0.668667
0.666858 0.877927
0.687086 0.750764
0.688040 0.544777
0.664938 0.567480
0.635720 1.424612
0.625002 1.158711
0.640644 1.159492
0.629367 1.343403
0.610514 1.323984
0.646967 1.230489
0.611505 1.392125
0.629714 1.335994
0.663509 1.311748
0.690347 1.328511
0.647424 0.885421
0.667953 0.770569
0.686589 0.524859
0.687488 0.951088
0.707875 1.280234
0.724908 0.885627
0.691617 1.311416
0.674888 1.255246
0.666495 1.256004
0.674565 1.279633
0.684157 1.430841
0.689406 1.315140
0.685124 1.332537
0.700409 0.569043
0.682507 0.763712
0.685810 1.094720
0.672800 0.754814
0.685665 1.042089
0.681656 0.679485
0.689631 1.273103
0.688349 0.774045
0.703020 1.197981
0.687357 0.672643
0.670764 1.185432
0.686392 1.009305
0.678233 1.339423
0.682338 1.352750
0.706862 1.205910
0.680026 0.607197
0.684467 1.323964
0.692247 1.324486
0.705853 0.554529
0.697999 0.920628
0.691113 0.930599
0.682361 0.965494
0.679060 0.449957
0.650755 0.767205
0.683200 0.581288
0.666909 1.386446
0.679800 0.578865
0.673820 0.654825
0.683050 1.094890
0.703895 1.035703
0.682354 0.706350
0.685052 1.253041
0.699063 1.122481
0.709525 0.388499
0.703122 1.305565
0.685854 1.401802
0.686281 1.324710
0.687584 0.773927
0.700515 0.668276
0.666419 0.882147
0.659348 0.984884
0.657562 0.644843
0.658183 0.904365
0.640292 0.822597
0.674846 1.244197
0.691675 1.133696
0.691577 0.689412
0.687622 1.178488
0.702524 0.738764
0.699224 1.247047
0.673723 1.342139
0.696291 0.735681
0.673424 1.333439
0.709628 0.572328
0.687410 0.769593
0.682334 1.255336
0.686939 1.286534
0.678411 1.354263
0.665581 0.992349
0.667895 1.074394
0.670679 0.953666
0.667271 0.930852
0.660724 1.174537
0.651383 1.063419
0.684641 1.310415
0.667676 1.357734
0.709994 1.253767
0.667994 1.272910
0.680593 1.237134
0.679389 1.301427
0.693780 1.244346
0.702181 0.958849
0.701434 1.251296
0.676297 1.244060
0.706130 1.279210
0.704568 1.290250
0.705847 0.517376
0.688542 1.248311
0.699004 1.217379
0.680298 1.338886
0.709572 1.214646
0.683014 1.074654
0.684321 1.250207
0.691776 1.161672
0.684199 1.296477
0.689786 1.252267
0.670211 0.842100
0.685406 1.322712
0.665435 1.033102
0.667933 0.619985
0.677739 1.042957
0.682514 0.618326
0.658533 1.120327
0.661680 1.167546
0.681218 1.218533
0.695345 1.111506
0.670771 1.387786
0.688138 1.186910
0.688480 1.268486
0.676789 1.162503
0.687831 1.160123
0.681970 1.280109
0.681883 1.062638
0.680609 1.230888
0.679620 1.140339
0.683968 1.175499
0.676506 1.295955
0.681955 1.299571
0.699800 1.310511
0.681227 1.344666
0.685565 1.278657
0.680334 1.063961
0.682200 1.310673
0.686923 1.239319
0.683589 1.286709
0.652861 0.655603
0.672802 0.627372
0.664771 0.934812
0.694529 1.283627
0.663514 1.336523
0.685870 1.210440
0.681329 1.276729
0.677067 1.386111
0.696337 1.019428
0.677815 1.373024
0.703756 1.249979
0.677290 1.138204
0.680515 1.160627
0.678730 1.202870
0.678710 0.729815
0.677752 0.928594
0.656666 1.253289
0.656244 1.051204
0.627864 1.000011
0.658110 0.881629
0.647809 1.232603
0.645559 1.442609
0.638914 1.377786
0.635076 1.323507
0.646653 0.993125
0.602616 1.216779
0.617599 2.922205
0.607750 2.129750
0.641899 1.249663
0.631264 1.730546
0.628662 1.550536
0.636337 1.966317
0.644588 1.187564
0.650490 0.887226
0.627233 2.110985
0.645748 1.205248
0.650115 1.118923
0.649138 2.104345
0.638161 2.829577
0.664050 1.256839
0.650024 2.267354
0.679566 0.851382
0.641200 1.966758
0.626428 1.602142
0.637516 1.996394
0.647878 0.970584
0.654734 2.163034
0.664473 1.350777
0.651212 1.157750
0.662295 1.914945
0.667184 1.998430
0.670383 1.521020
0.669350 1.608994
0.651957 1.663192
0.644034 2.268159
0.661312 2.426884
0.638036 2.708572
0.629547 2.503851
0.620951 2.784480
0.631153 3.011616
0.637854 1.947333
0.655566 2.373692
0.639070 2.634889
0.653317 3.054141
0.669345 1.865429
0.639390 3.422632
0.636459 3.352516
0.655187 2.259700
0.661834 1.970277
0.645526 2.471289
0.648787 2.542114
0.648749 2.521801
0.656710 2.343217
0.644141 2.169739
0.673465 1.609523
0.657358 1.596521
0.666727 1.237618
0.656635 2.142800
0.652422 2.590553
0.651020 2.585700
0.652389 2.566961
0.652954 2.258265
0.658652 1.734604
0.641307 2.938975
0.635604 3.012580
0.637345 3.089743
0.666967 1.898101
0.633507 2.995359
0.652774 2.353922
0.634519 2.335643
0.651700 2.708044
0.654009 2.320131
0.657100 2.699449
0.651595 2.680429
0.645557 2.785339
0.633664 2.254757
0.636763 2.774479
0.646001 2.236121
0.660965 1.639948
0.642029 3.076532
0.652852 2.583778
0.634707 1.555126
0.652662 2.909193
0.637784 2.310934
0.664401 1.578011
0.645306 2.735293
0.669845 1.895059
0.641373 2.682003
0.645018 2.329111
0.654455 2.723628
0.650062 2.715718
0.657634 1.818675
0.652882 2.182754
0.652710 2.169644
0.657527 2.214710
0.634721 3.636569
0.656853 2.726711
0.637102 3.264040
0.626315 2.658872
0.640710 2.887760
0.645070 1.724535
0.652408 2.785971
0.664722 2.253174
0.630386 2.966530
0.630415 2.814176
0.634725 2.930656
0.662103 2.032692
0.636903 3.218917
0.663277 2.417354
0.644101 2.311094
0.639268 3.017490
0.642885 2.639047
0.641485 2.674945
0.640719 3.006135
0.657537 2.884562
0.628189 3.551114
0.642744 2.803572
0.648546 2.762181
0.662367 2.178619
0.632176 3.119852
0.637842 3.173772
0.657182 2.440545
0.640330 2.616639
0.638181 2.931771
0.643388 2.398911
0.652202 2.690925
0.667982 1.588526
0.644489 2.599200
0.652893 2.498795
0.644271 2.909600
0.640394 2.675502
0.664172 2.148494
0.654309 2.158407
0.645381 2.422135
0.638677 2.729886
0.656357 1.800506
0.646502 3.163468
0.639225 2.859533
0.645188 2.203360
0.659038 2.111842
0.655582 2.570716
0.640889 2.724770
0.647430 3.025593
0.645662 2.742198
0.627161 2.925697
0.639109 2.808381
0.637538 3.141750
0.659764 2.482431
0.620695 2.800235
0.640157 3.002285
0.643905 2.880989
0.634088 2.542175
0.655995 2.162963
0.657521 1.875710
0.648763 2.885459
0.638493 3.083090
0.679121 1.725333
0.635500 2.626794
0.651612 2.458515
0.659518 2.104354
0.650699 2.499832
0.649097 2.038716
0.655937 2.170685
0.666373 1.734061
0.660325 2.481678
0.674246 2.120446
0.645041 3.187423
0.670882 1.613425
0.645880 2.566385
0.661599 1.909179
0.632364 2.765365
0.625809 3.563142
0.629935 3.428155
0.638239 2.921495
0.643823 1.666498
0.640821 1.986322
0.636263 2.680218
0.643082 1.971707
0.624824 3.460845
0.636162 1.793578
0.628101 2.512199
0.624635 3.408028
0.633264 2.322930
0.622337 2.065300
0.631041 2.628278
0.624044 3.274068
0.646883 2.479034
0.640722 2.827742
0.632473 3.568531
0.629546 2.830861
0.612849 3.389837
0.605108 3.663038
0.626398 2.675208
0.629429 1.773199
0.622845 2.815651
0.636024 2.026602
0.628334 3.396460
0.620532 2.785268
0.649987 2.247796
0.639417 2.336627
0.640425 1.512577
0.630346 1.799124
0.646054 1.867952
0.641896 3.142001
0.621944 2.616591
0.641226 2.264702
0.638765 2.088174
0.643203 2.903464
0.630584 1.865192
0.636344 2.849978
0.639865 2.512864
0.644031 1.888491
0.631021 1.865108
0.645529 2.348441
0.649526 1.720468
0.648855 1.440664
0.634027 2.289298
0.651434 1.953676
0.642987 2.352707
0.642255 2.643655
0.653848 2.433106
0.669512 2.494765
0.669058 2.403165
0.654899 2.659404
0.653185 2.100819
0.640168 2.834646
0.662522 2.296618
0.646837 2.852375
0.665116 2.127356
0.661143 2.501955
0.643905 2.851011
0.650408 2.558437
0.657434 2.545016
0.638015 3.407521
0.649372 1.795678
0.650270 2.836976
0.652407 1.887476
0.670095 2.169304
0.658945 2.725239
0.656083 2.539526
0.653377 2.843591
0.639508 2.022797
0.644462 1.745968
0.653565 2.093354
0.637549 2.465798
0.658496 3.154395
0.681534 2.123547
0.653151 2.038070
0.657873 2.511118
0.641198 2.551315
0.636025 2.927260
0.644573 2.831883
0.653734 2.819046
0.675076 1.985589
0.676641 1.466791
0.637624 2.917202
0.667853 1.641762
0.656483 2.086946
0.643825 1.937371
0.657910 2.195085
0.644044 2.227393
0.654197 2.291621
0.661001 2.930134
0.662303 2.515559
0.654212 2.302037
0.635162 3.097560
0.639121 3.045926
0.660003 1.655147
0.651507 2.677540
0.620773 3.638798
0.631135 3.059975
0.638830 2.808188
0.647436 2.701170
0.651418 2.090296
0.643921 2.789754
0.646763 2.590153
0.645213 2.952649
0.652442 1.904207
0.655100 2.364872
0.664760 2.092907
0.637715 2.735879
0.647306 2.446555
0.651772 2.881165
0.649069 2.767633
0.638644 3.136419
0.653865 1.656543
0.653091 2.638137
0.650337 2.912777
0.661001 2.027439
0.644941 2.916492
0.640624 2.798830
0.657042 2.255331
0.647543 2.288663
0.639727 2.330653
0.673743 0.943483
0.637249 2.501659
0.645095 2.726041
0.650146 2.472458
0.641929 2.653801
0.646532 2.642965
0.651758 1.796798
0.660148 1.810676
0.657902 2.047665
0.652551 1.882463
0.649794 2.686532
0.658269 2.916501
0.622331 2.977167
0.666397 1.380687
0.656776 2.935148
0.647660 2.317014
0.653967 2.133096
0.661026 2.036126
0.659397 2.229727
0.675040 1.601071
0.657878 2.680413
0.646087 3.039660
0.661608 2.553592
0.657948 2.631485
0.635307 3.058066
0.648502 2.520637
0.654491 3.436785
0.644700 2.891912
0.672796 1.580425
0.667487 1.150556
0.635256 2.768051
0.660263 2.248919
0.670293 2.210623
0.640169 2.557472
0.636487 2.884456
0.649588 2.893910
0.677280 1.910124
0.663633 2.460253
0.643691 2.895832
0.655348 1.865137
0.653510 2.934695
0.654301 1.726611
0.639934 3.034584
0.671904 1.886687
0.672277 1.945209
0.668691 1.350743
0.638782 3.015670
0.647521 2.577592
0.631497 2.525819
0.669282 2.303122
0.657053 2.276118
0.663703 2.415958
0.642685 3.011086
0.624527 3.354110
0.645880 2.749235
0.647298 2.535683
0.659958 2.126504
0.655408 2.496345
0.670650 1.459424
0.662913 2.329571
0.632831 3.093539
0.625509 2.974343
0.612669 3.421049
0.631098 2.471330
0.600621 3.515320
0.617385 2.898994
0.611910 3.439079
0.632126 3.560672
0.627310 2.192832
0.629260 2.873590
0.620164 3.646352
0.620964 3.601321
0.651808 2.176481
0.645266 2.821181
0.643393 3.034354
0.644963 3.413755
0.638075 2.835979
0.647540 2.516741
0.653548 2.760329
0.611605 3.483745
0.631792 3.553962
0.646651 2.814388
0.639810 3.021586
0.640970 2.790622
0.660296 2.352652
0.654379 2.411993
0.640780 1.961131
0.621164 2.100485
0.634271 2.186653
0.631361 2.174994
0.652232 1.980057
0.655659 1.474189
0.653373 2.045994
0.638354 2.789170
0.642240 3.086018
0.658687 2.212774
0.671564 1.997773
0.666233 1.296632
0.656649 2.507200
0.640291 2.662918
0.635022 3.265432
0.647342 2.631638
0.646364 3.068487
0.656237 2.618914
0.667803 1.594694
0.665725 1.220993
0.655111 1.194669
0.650200 2.043591
0.662672 1.781804
0.661722 1.769224
0.639635 2.701449
0.643181 3.199827
0.630221 3.295300
0.655256 2.238257
0.634299 3.128662
0.636258 2.944124
0.619968 3.611675
0.631810 2.705540
0.623737 2.561573
0.632701 2.488588
0.645691 1.923838
0.630746 2.460244
0.641657 2.129780
0.625917 2.587999
0.636664 3.330938
0.646609 3.182722
0.633909 2.693634
0.652531 1.921097
0.631744 3.550447
0.630669 2.843006
0.637433 2.796864
0.657955 2.136719
0.654696 2.763846
0.662161 2.783157
0.646313 2.861676
0.610000 3.192988
0.634228 3.417991
0.637096 3.144262
0.626639 3.526561
0.649442 2.614455
0.630689 3.283791
0.635596 3.265801
0.632766 3.098036
0.628804 3.090790
0.633138 3.440250
0.642921 3.221508
0.659563 2.126300
0.657800 1.348489
0.645391 1.606327
0.622863 1.887968
0.621926 1.988429
0.634307 1.967001
0.625754 2.442891
0.631946 2.508877
0.633301 2.492951
0.630531 1.871600
0.625415 2.880059
0.613605 3.866070
0.655202 2.882163
0.642637 2.928965
0.636937 3.423299
0.656150 2.806961
0.653792 2.555396
0.638140 3.425905
0.664201 2.086422
0.657530 3.130915
0.642733 3.369372
0.630083 3.686355
0.643263 2.972048
0.639385 2.715158
0.647653 2.652907
0.629989 3.098928
0.621501 3.124206
0.653389 2.678720
0.630819 3.458263
0.639488 3.244140
0.637614 2.866509
0.647193 3.175224
0.635546 2.946997
0.654801 2.059431
0.627173 2.674905
0.646394 3.364057
0.643733 2.759084
0.648913 1.347207
0.663278 1.059166
0.625424 3.027574
0.633442 2.841683
0.620606 3.502487
0.619638 3.042645
0.668255 2.797976
0.655765 2.943167
0.659355 1.809543
0.635210 2.758501
0.638408 2.550043
0.654367 2.652102
0.643190 2.906208
0.640260 1.836719
0.635836 2.638546
0.644581 2.612487
0.648190 2.666120
0.661230 2.324829
0.662327 3.091401
0.656924 2.326892
0.645360 1.528491
0.649970 2.496838
0.640392 2.036361
0.635079 2.603486
0.631886 3.086096
0.664873 2.343999
0.655770 2.075419
0.680156 1.106231
0.636345 1.723706
0.626703 1.535171
0.640557 1.367611
0.628570 1.147477
0.637228 1.077225
0.636953 1.370177
0.634357 1.228222
0.628299 1.430701
0.615237 0.972302
0.630662 0.866324
0.636054 0.909320
0.627130 0.878774
0.608652 1.106188
0.630410 0.606431
0.629612 0.921774
0.612480 1.119629
0.616291 1.074307
0.630735 1.076686
0.617739 1.019608
0.620035 0.951457
0.609505 1.716249
0.617963 1.130914
0.612849 1.166625
0.613331 1.452341
0.634531 0.896805
0.617659 1.585510
0.623155 1.901181
0.623096 1.118381
0.622981 1.194640
0.627208 1.270485
0.642038 0.740243
0.623482 1.147270
0.615276 0.811424
0.622962 1.806095
0.615273 1.469477
0.633104 0.863102
0.613674 1.421111
0.627921 1.342862
0.624068 1.206764
0.633819 0.928912
0.618284 1.105440
0.620425 1.430042
0.633140 1.197576
0.619266 0.916294
0.618510 0.988476
0.630042 1.204791
0.607735 1.663361
0.623025 0.871932
0.625723 0.864500
0.632829 1.183410
0.620179 1.014578
0.620114 1.183833
0.632206 1.075976
0.625629 0.845123
0.631869 2.100615
0.618156 2.106267
0.606669 1.178280
0.617663 1.173296
0.611527 1.753480
0.627879 1.067438
0.609097 1.088626
0.625024 1.018210
0.616711 1.375227
0.607159 1.331529
0.622494 1.049681
0.615626 1.575514
0.606491 1.050322
0.619396 0.736949
0.605617 1.007664
0.610369 1.609697
0.609908 0.870963
0.630361 1.139505
0.637744 1.002664
0.643002 1.031340
0.613028 1.326343
0.625768 1.005483
0.621062 1.469633
0.635350 1.019606
0.623083 1.065950
0.626591 1.304215
0.635245 1.174968
0.623193 1.393739
0.625515 1.257499
0.615045 0.883045
0.630747 1.177340
0.605684 1.566481
0.621824 1.327996
0.645563 0.892648
0.637909 1.158427
0.631722 1.327435
0.608986 1.406687
0.620589 1.129589
0.627248 1.127363
0.628210 1.219816
0.625115 1.526373
0.633035 1.411773
0.632689 1.270019
0.621257 1.576130
0.617286 1.250724
0.605301 2.235246
0.609575 0.872621
0.616799 1.366245
0.619310 1.516704
0.625963 1.464311
0.618820 1.632309
0.624271 1.052625
0.616196 1.411947
0.629229 1.555467
0.620614 1.009710
0.618298 1.590738
0.624288 1.468905
0.611955 1.582613
0.619763 1.820498
0.632088 0.900302
0.632396 1.572646
0.629752 1.186660
0.618286 1.108978
0.630496 0.696251
0.611481 1.635984
0.617761 0.830492
0.600106 0.995627
0.607413 1.364572
0.623679 1.250931
0.623625 0.940202
0.628813 1.072669
0.631067 1.095931
0.620838 1.554228
0.635170 1.169884
0.622288 1.157629
0.637453 0.953720
0.629685 1.165429
0.623504 1.263115
0.629334 1.626491
0.650717 1.807936
0.633597 1.292237
0.650021 1.695214
0.654344 1.542513
0.635870 1.138050
0.612933 1.151843
0.623506 1.046358
0.632008 1.140367
0.619818 0.863471
0.621851 0.943190
0.627736 1.399599
0.626949 1.237000
0.629956 1.016908
0.647252 0.700428
0.620959 1.040163
0.634357 1.441574
0.622730 1.598624
0.635553 1.006591
0.644403 0.971666
0.633155 1.003000
0.635790 1.028600
0.631281 1.969863
0.619518 1.399789
0.626592 1.155210
0.622760 1.405410
0.638073 1.204107
0.624662 1.390879
0.628097 1.118903
0.631757 0.825921
0.626400 1.011635
0.624083 1.216341
0.632275 0.864737
0.633967 0.825730
0.631230 1.074272
0.629138 1.559689
0.607399 1.161134
0.600567 2.294335
0.626845 2.277164
0.623603 1.084954
0.617611 1.327118
0.625296 1.084372
0.620300 0.961836
0.620354 1.491099
0.600765 2.117386
0.595089 1.421315
0.610622 1.544785
0.607581 1.270234
0.625087 1.324359
0.608246 1.449053
0.618668 1.263729
0.610365 1.599179
0.619571 1.810574
0.619142 1.131272
0.616088 2.239273
0.640074 2.853341
0.657954 1.446895
0.688042 1.469141
0.683945 1.528594
0.642956 2.917407
0.652254 2.779740
0.659781 2.085725
0.661748 1.836302
0.678612 1.243758
0.651191 2.361538
0.665671 2.685633
0.636510 2.390829
0.635339 3.082354
0.673467 2.748467
0.657168 2.915244
0.666186 1.802057
0.669881 2.223013
0.665193 2.464327
0.665874 2.017445
0.661568 2.953717
0.663546 2.709038
0.684130 2.132523
0.643838 2.770224
0.655788 2.024948
0.626198 2.244677
0.628644 2.100816
0.640452 2.693912
0.636041 2.384459
0.638570 1.870064
0.647812 2.307200
0.634577 2.683695
0.636253 2.469181
0.649683 1.701043
0.644627 2.247295
0.655881 1.837608
0.636907 2.130538
0.643500 1.710027
0.636680 1.395616
0.643849 2.284555
0.641260 2.055122
0.634485 2.165567
0.629492 2.640210
0.639496 2.573430
0.634243 1.999633
0.664463 1.364989
0.646118 2.383521
0.678550 1.635446
0.631444 3.370818
0.629859 1.779528
0.616547 2.718652
0.659427 1.571439
0.654766 1.284786
0.666349 1.702871
0.638849 3.030678
0.652947 1.335744
0.639917 2.126940
0.626372 2.492024
0.642944 2.267994
0.634483 2.175641
0.637511 2.546622
0.636382 2.340211
0.653426 0.856133
0.625966 2.458175
0.631094 1.969135
0.615430 1.910507
0.611570 2.374397
0.620816 1.828453
0.611067 2.376207
0.614096 2.115464
0.612771 1.289627
0.619538 1.158923
0.609141 1.905841
0.632466 1.391950
0.646371 0.971052
0.628955 1.222379
0.606409 2.060883
0.612530 2.205026
0.604852 2.183699
0.628698 1.666220
0.629618 1.511830
0.615262 2.640065
0.613484 1.943162
0.619613 1.584443
0.605548 1.966220
0.601147 2.239818
0.614084 1.467161
0.611800 1.523574
0.610579 1.805056
0.617705 1.745790
0.616361 2.692256
0.621357 2.009781
0.599877 2.198657
0.614659 2.132860
0.632311 1.378074
0.623056 2.137663
0.614598 2.106467
0.612768 1.993473
0.618626 1.498121
0.617385 1.225415
0.623469 1.694937
0.632225 1.585165
0.625146 1.904685
0.636304 1.079558
0.631022 1.927080
0.622361 1.803766
0.617499 2.044243
0.604309 2.022236
0.604904 1.918912
0.608432 1.779839
0.607230 2.302569
0.602073 2.053805
0.617311 2.140577
0.614803 2.217970
0.634071 1.488612
0.595640 2.570125
0.611320 1.772130
0.594558 2.325849
0.604646 2.587642
0.614864 2.146009
0.626708 1.549194
0.619469 2.143082
0.608915 1.757223
0.608719 1.997180
0.635055 2.062175
0.631715 1.499778
0.627367 1.630814
0.613244 1.972022
0.605983 2.310129
0.613142 2.770404
0.626571 1.901949
0.623009 1.323699
0.628754 1.879495
0.612411 2.076821
0.611923 1.604621
0.604305 2.222042
0.621388 1.169283
0.638839 0.942625
0.622254 2.417601
0.617659 1.745732
0.620071 1.264452
0.605191 1.975173
0.626976 1.666222
0.607641 2.081458
0.620008 1.200091
0.631834 1.615071
0.620978 1.965699
0.628298 1.442142
0.614285 2.107411
0.628214 1.315167
0.622856 2.825710
0.622455 1.715878
0.613802 1.959944
0.616530 2.368387
0.631849 2.012014
0.636633 1.906153
0.624324 2.081454
0.619687 1.626789
0.625728 2.052459
0.617562 1.778508
0.609034 2.102832
0.619439 1.335178
0.620099 2.159106
0.619089 2.414202
0.625204 2.160586
0.611721 2.650333
0.658498 1.214464
0.623348 2.640438
0.634860 2.162290
0.651967 1.500657
0.643197 1.603464
0.617461 2.522809
0.624173 1.778490
0.614459 1.496162
0.617756 2.170911
0.611364 1.585966
0.603784 2.264684
0.602223 2.231252
0.605027 1.941482
0.626617 1.638246
0.618575 1.910629
0.618991 1.356818
0.608773 2.283573
0.639650 0.882704
0.609512 1.710169
0.626172 1.831726
0.618213 1.064125
0.614962 1.856307
0.617067 2.286181
0.631186 1.418486
0.628559 1.488941
0.616264 1.471953
0.618604 1.885668
0.624051 1.776885
0.632831 1.441634
0.622474 1.739243
0.619193 1.295607
0.637389 1.518541
0.619783 1.626000
0.622560 2.170314
0.620837 2.254935
0.622814 2.295743
0.609536 2.293045
0.633956 1.183711
0.619933 1.761216
0.634109 2.549247
0.623033 2.395324
0.618817 1.769806
0.612072 2.369299
0.636692 2.164038
0.625696 1.844560
0.629035 2.009267
0.610817 1.895896
0.607632 1.777036
0.613685 1.934673
0.609506 1.909481
0.620745 2.185685
0.616247 2.070365
0.619858 2.939858
0.621700 1.901488
0.617616 2.037822
0.603703 1.971627
0.623386 1.981941
0.613442 1.888550
0.607911 1.469562
0.605689 1.966536
0.594769 2.698974
0.610235 2.274542
0.602681 2.488637
0.616854 1.374311
0.607231 2.192143
0.616870 2.542858
0.619695 1.770684
0.607987 1.941085
0.622462 1.028977
0.608889 1.739480
0.596455 1.900135
0.628633 1.538825
0.607111 2.376607
0.616442 1.634274
0.611517 2.049199
0.624069 0.970353
0.638945 1.527032
0.624885 1.505171
0.626469 1.888434
0.618910 1.358343
0.614820 1.829156
0.618430 1.691620
0.611834 2.411109
0.617162 1.414641
0.619989 1.867771
0.598456 2.467400
0.609944 2.379550
0.603084 2.102695
0.635365 2.024083
0.619503 1.968710
0.601069 2.050918
0.627112 1.520095
0.613072 1.977056
0.610262 1.322157
0.619636 1.827064
0.628817 1.366079
0.632295 1.325214
0.618723 1.671269
0.616409 1.408630
0.607766 2.193779
0.624589 1.881781
0.622216 1.782412
0.611756 1.908817
0.614573 1.405626
0.599983 2.000959
0.615218 1.172173
0.629458 0.959886
0.618277 1.165254
0.598151 1.490855
0.616423 1.375394
0.605295 1.929696
0.619715 1.748372
0.616867 1.972759
0.607695 2.334284
0.607727 1.617756
0.600908 1.967957
0.619002 1.591543
0.613875 1.464226
0.600691 1.468020
0.609396 1.446088
0.601412 2.281518
0.618316 1.398156
0.605675 1.715417
0.608293 1.301675
0.624958 0.794359
0.596770 1.611513
0.606549 2.019502
0.610419 1.934522
0.607786 2.428640
0.607834 1.887380
0.606020 1.924951
0.599332 2.011785
0.618873 1.521550
0.609866 1.475646
0.621592 1.100261
0.609969 1.609526
0.593405 2.260761
0.618229 1.466541
0.615577 2.002572
0.598894 2.053741
0.620216 1.726825
0.636580 0.604536
0.628889 1.154792
0.611718 1.320398
0.625385 1.343917
0.612282 1.102616
0.609066 1.402436
0.608634 1.934038
0.625334 1.395124
0.618312 0.945496
0.613958 1.476551
0.623146 1.602659
0.618133 0.908585
0.639042 1.712373
0.620390 1.483446
0.607719 1.929752
0.621036 1.731914
0.608079 1.524667
0.624521 1.073308
0.620451 1.314656
0.613063 1.634756
0.609730 1.750656
0.606193 1.781106
0.626112 2.348024
0.632972 1.885486
0.606883 1.717402
0.610402 1.561083
0.607885 1.870510
0.612068 1.426673
0.623890 1.398289
0.596425 2.285333
0.609598 2.516426
0.610064 1.640129
0.612769 1.609399
0.597865 2.456218
0.597677 1.941564
0.610095 1.190108
0.611125 1.641345
0.616653 1.880617
0.611214 1.404582
0.614325 1.199017
0.610700 1.005868
0.637462 1.005386
0.618459 1.154185
0.623577 1.408334
0.612739 1.261074
0.615613 0.968630
0.619837 0.961254
0.622755 1.133844
0.618417 0.926499
0.620344 0.982156
0.598640 1.525654
0.616076 1.072196
0.618835 0.868802
0.608342 1.325971
0.623639 1.072886
0.619308 1.541915
0.623465 0.764747
0.626140 0.843942
0.626911 1.874901
0.625187 0.899970
0.606997 1.193859
0.613989 1.198805
0.640607 1.086717
0.626179 0.755233
0.614519 1.200030
0.623880 1.304261
0.620279 1.479784
0.620257 0.838414
0.606338 1.172727
0.625868 0.861446
0.614716 2.142673
0.625271 1.700599
0.612282 1.085826
0.630671 1.188449
0.621648 1.675148
0.590618 1.587258
0.632750 1.369761
0.624588 1.693233
0.644695 1.086231
0.615273 1.331365
0.612746 1.211272
0.620457 1.141484
0.619616 1.110954
0.622522 1.360435
0.615166 1.176221
0.627177 1.424808
0.620209 1.077225
0.620303 1.684390
0.605844 1.302745
0.622575 1.096116
0.629265 0.498812
0.612139 1.394018
0.634307 1.343834
0.617124 0.792591
0.625587 1.224506
0.617881 1.947111
0.637287 1.197845
0.637349 1.219275
0.623235 1.541358
0.632381 1.673534
0.646751 2.224054
0.687855 1.201115
0.687837 2.076239
0.640873 2.576572
0.672780 0.913364
0.643361 2.715057
0.667127 2.722850
0.675490 2.410883
0.636438 2.272839
0.627758 3.604256
0.629424 3.424129
0.639568 3.385649
0.637971 2.906258
0.644806 2.164050
0.653703 3.761048
0.647931 3.518773
0.625693 3.573942
0.650060 3.150032
0.644225 2.691954
0.629969 3.800378
0.633331 3.305685
0.664199 2.648452
0.651485 1.851795
0.655717 1.679920
0.645654 2.272933
0.672045 1.560281
0.653249 1.495039
0.673008 1.340099
0.646728 2.988341
0.631740 2.373108
0.649458 2.875731
0.656746 1.945319
0.653293 1.962216
0.661904 1.140334
0.647395 1.547733
0.630625 2.959765
0.639692 2.747586
0.650997 1.834594
0.638856 2.272508
0.648777 2.781411
0.622488 3.435195
0.645683 1.888316
0.649497 2.279603
0.652694 1.445188
0.648339 2.421022
0.635435 2.513877
0.646739 2.075983
0.667422 1.746952
0.646003 3.989795
0.640395 3.562199
0.639915 3.667379
0.639414 3.023109
0.677729 2.172058
0.655263 2.363079
0.654779 3.186798
0.663984 2.588899
0.635542 3.597325
0.626656 3.212772
0.640302 3.328424
0.644739 3.340894
0.640669 2.197635
0.655942 2.311385
0.638913 3.004151
0.651212 3.201491
0.648092 3.534261
0.638908 3.141484
0.651458 3.288850
0.649979 3.319697
0.646242 2.867520
0.646702 3.130874
0.650391 3.251448
0.617574 3.638901
0.642012 2.254717
0.636555 3.587640
0.631196 3.520332
0.614993 3.796894
0.634475 2.942207
0.629723 2.977417
0.630161 2.904720
0.628425 2.725086
0.656386 1.881888
0.636603 2.831164
0.641769 2.870241
0.645307 2.700224
0.639181 2.127269
0.637539 1.995991
0.645917 1.851582
0.647796 1.487961
0.627219 2.605582
0.675943 1.222422
0.674620 0.945340
0.633298 2.559011
0.640383 1.711180
0.646578 1.813510
0.654488 3.346836
0.648775 3.731601
0.637549 3.258034
0.624300 2.717052
0.616449 3.289071
0.656229 1.605693
0.659572 2.772159
0.648753 3.171521
0.635600 3.748217
0.641304 3.144400
0.647551 2.751844
0.643116 2.216011
0.654825 3.105549
0.642795 3.137540
0.654810 3.059368
0.649109 2.277973
0.644008 2.197123
0.676899 2.323459
0.643043 2.235776
0.632587 3.493009
0.643304 3.040648
0.667539 1.817466
0.694580 1.084436
0.690425 1.512880
0.636158 3.121913
0.648686 3.931578
0.672761 2.628800
0.642001 3.125380
0.649062 2.327160
0.647360 2.440465
0.677753 1.224893
0.688814 2.106475
0.673249 2.582238
0.648277 2.265814
0.629409 1.139864
0.634732 1.846649
0.670339 1.234531
0.655525 1.839145
0.658309 1.061475
0.686770 0.770821
0.652492 2.279708
0.670114 1.139166
0.657694 0.811201
0.637225 1.654587
0.645218 1.655363
0.631370 1.833973
0.684745 0.989136
0.659524 0.867009
0.656860 1.479148
0.634039 2.621987
0.622464 3.095968
0.657278 2.477528
0.661554 1.508686
0.628214 2.217118
0.623952 2.439521
0.648225 1.527080
0.641289 1.776227
0.624022 2.710780
0.618555 2.633523
0.634907 1.897069
0.632038 2.249502
0.628473 2.052493
0.615217 2.701871
0.628993 2.320784
0.634509 1.953222
0.666257 0.871199
0.639469 1.502454
0.635518 2.044944
0.616104 3.180408
0.620518 2.808735
0.619090 2.667836
0.622170 2.777199
0.632034 2.149930
0.614777 2.759834
0.606081 2.696044
0.610995 3.088173
0.622847 2.836977
0.623484 2.967582
0.632143 2.223270
0.634571 2.261899
0.623790 1.996875
0.644278 2.252691
0.636263 1.895487
0.618153 2.415740
0.623792 2.714035
0.608266 3.085637
0.606996 2.896937
0.609057 2.116555
0.635732 1.991399
0.640250 1.562013
0.628353 3.104691
0.623342 3.010474
0.633458 2.406357
0.638000 1.953442
0.646338 1.671120
0.615483 1.915809
0.654141 1.539055
0.614708 1.990596
0.629736 2.366630
0.613768 2.772153
0.614108 2.371048
0.670949 0.838868
0.650697 1.578200
0.647895 2.218334
0.623608 3.040545
0.649025 2.300485
0.634187 1.753308
0.628668 2.491456
0.618616 3.607732
0.620179 2.450890
0.637740 1.771102
0.635121 1.644671
0.623950 1.897888
0.643783 2.266100
0.640130 1.965540
0.634316 2.463726
0.625984 3.235011
0.631124 2.531713
0.625798 2.544397
0.627888 2.837951
0.635671 2.221639
0.646725 2.441692
0.665067 1.702510
0.648654 1.808639
0.658941 1.778391
0.641784 2.605021
0.668790 1.328911
0.658130 2.049288
0.695796 0.997504
0.665461 2.372259
0.673860 2.072188
0.676889 1.623531
0.652537 2.130565
0.664864 1.641853
0.657443 1.949225
0.638705 2.601040
0.641889 2.673273
0.662412 2.064002
0.653744 2.429436
0.660880 1.968339
0.658658 2.092459
0.626173 2.779566
0.632883 2.609873
0.637822 2.409704
0.628711 2.554303
0.643703 1.615258
0.659274 1.232419
0.633546 1.884470
0.647365 1.687557
0.622164 2.593147
0.614502 3.188841
0.616394 2.671902
0.621774 2.421975
0.611283 2.921899
0.619909 2.772314
0.623684 2.523023
0.638973 1.836984
0.614486 2.925187
0.625094 2.145969
0.616528 2.666326
0.647465 1.894850
0.648359 2.275951
0.643497 2.103779
0.629421 2.189675
0.623801 2.708591
0.646250 1.034668
0.624581 2.672919
0.606660 3.038749
0.612938 2.816168
0.614151 2.903250
0.632111 2.248742
0.629341 2.051544
0.616760 2.777528
0.613560 1.974214
0.638841 0.978327
0.643254 1.363470
0.651434 0.990296
0.624399 3.496372
0.637891 2.290821
0.662546 1.440028
0.650211 2.166241
0.655007 1.850546
0.660125 1.574622
0.658886 1.367069
0.638121 2.191366
0.632349 3.125686
0.627884 3.267723
0.626599 3.847433
0.629220 2.758146
0.650520 1.980226
0.632609 2.646239
0.619945 3.088016
0.643757 2.422041
0.614909 2.248615
0.618782 2.841934
0.650615 1.787146
0.648884 1.837111
0.661848 1.660779
0.653558 2.524087
0.650057 1.886627
0.666676 1.322872
0.650756 1.188076
0.654372 0.907437
0.622379 2.240126
0.631861 3.046984
0.623306 2.645766
0.619237 3.319774
0.632008 2.627322
0.617682 2.780302
0.640358 2.730007
0.604430 2.741338
0.620965 2.988165
0.637448 2.708415
0.644522 2.795846
0.674963 1.800938
0.642152 2.876600
0.653757 1.349475
0.651826 1.526756
0.653574 1.963875
0.647234 1.505471
0.642933 0.947569
0.646807 1.558481
0.622375 2.783011
0.630810 2.661947
0.625107 3.346537
0.616803 3.109429
0.638231 2.820113
0.650651 1.698934
0.647290 1.699725
0.645206 1.583010
0.640283 1.712176
0.662575 1.570696
0.653348 1.568039
0.661409 1.596194
0.633106 2.296939
0.640432 3.528957
0.646937 3.113154
0.661768 1.604237
0.637880 2.545556
0.622700 2.727578
0.622656 2.067559
0.650306 3.254473
0.634420 3.510389
0.635986 2.192612
0.652643 1.871728
0.623787 2.302711
0.628634 1.742900
0.641918 2.500505
0.629381 2.492041
0.640939 2.280504
0.616964 2.050410
0.620788 1.678056
0.620005 2.313685
0.619678 3.436221
0.613886 2.382925
0.631921 2.026205
0.621643 3.109950
0.614213 1.988108
0.611355 3.260342
0.616098 2.645278
0.603477 4.207600
0.612659 3.853077
0.612403 3.939069
0.606695 4.359819
0.614958 3.504246
0.620682 3.701435
0.612245 2.836131
0.598025 3.604242
0.617083 3.673647
0.608204 3.674178
0.611191 2.679891
0.609904 3.562585
0.620415 3.457123
0.602599 4.013090
0.613519 3.415381
0.608549 3.735480
0.609042 2.774990
0.615245 3.675898
0.622826 3.190590
0.595612 4.233152
0.620860 3.347276
0.599494 4.021433
0.608454 3.926699
0.605425 3.662842
0.605556 3.892202
0.607069 3.816335
0.607776 2.231829
0.608442 3.618342
0.611003 2.705438
0.597824 3.709941
0.597387 3.695497
0.609056 3.637893
0.601261 3.584434
0.616739 3.470553
0.598805 3.622352
0.605359 3.381464
0.603781 3.723024
0.630215 3.479023
0.614542 2.082219
0.599676 3.620586
0.610579 3.503325
0.608015 3.131199
0.605031 3.688569
0.609969 3.367734
0.622033 3.231749
0.618853 3.464543
0.621072 3.500922
0.632285 3.238323
0.610903 3.476277
0.608411 2.777535
0.606065 3.107847
0.613692 1.417754
0.614921 1.647430
0.620909 2.571594
0.612717 3.252345
0.602638 3.853727
0.617780 2.410934
0.612265 3.598704
0.618290 3.766988
0.611582 1.464111
0.609184 1.509614
0.620307 2.677082
0.607226 2.655849
0.614002 3.281793
0.625357 3.174275
0.630036 2.031371
0.611493 3.422431
0.602903 3.579305
0.604785 4.012463
0.620962 1.784960
0.627357 1.648633
0.627097 1.968827
0.601664 3.900183
0.614184 1.811788
0.602462 3.476428
0.607169 3.995404
0.613942 3.863709
0.606695 3.630266
0.615489 1.294532
0.651719 0.901575
0.622357 3.326962
0.596053 4.457505
0.600915 3.968855
0.607210 3.400839
0.607114 3.335843
0.614548 3.573483
0.618403 2.867251
0.627680 2.404339
0.627196 1.925944
0.620087 1.665991
0.608460 3.602522
0.621078 2.042339
0.620478 4.016659
0.625291 2.763317
0.604640 3.456478
0.643394 2.056015
0.606041 3.474266
0.608026 3.488187
0.605168 3.677607
0.614459 3.340610
0.616245 3.509919
0.598752 3.626258
0.616660 3.639738
0.615780 3.502405
0.603087 3.502176
0.603572 3.662305
0.609131 3.608388
0.604729 3.673251
0.606850 3.132282
0.600407 3.512839
0.603873 3.645986
0.618616 3.632924
0.619525 3.749896
0.625425 3.318924
0.625394 3.235879
0.622213 1.994484
0.622427 3.521584
0.640361 2.403972
0.617861 2.326963
0.622130 1.666867
0.606876 3.998347
0.627602 2.959946
0.611252 2.516155
0.634857 1.558600
0.614953 2.270166
0.636049 2.243974
0.641469 1.744120
0.620465 2.375586
0.607912 3.890926
0.603807 2.328036
0.627100 1.344378
0.620786 3.139020
0.630427 1.385982
0.625162 1.624813
0.627501 1.488828
0.621522 2.929628
0.616712 3.353705
0.623289 2.319185
0.622312 3.306264
0.628977 1.830532
0.623492 2.089246
0.618659 2.980380
0.602404 3.929113
0.612461 2.414915
0.611213 4.000624
0.645710 3.597047
0.632998 3.923994
0.603870 3.607399
0.598440 3.825041
0.601607 3.553721
0.598022 3.347484
0.641265 1.894762
0.602549 3.411030
0.603697 3.503542
0.610888 3.189250
0.611661 4.029075
0.635949 2.500457
0.616424 3.535435
0.610271 2.031095
0.623586 2.595912
0.619854 2.104394
0.612713 2.645576
0.617666 2.575185
0.609545 3.768334
0.604856 3.778008
0.608956 3.362753
0.609223 3.531320
0.618170 2.074767
0.611733 2.421591
0.605431 2.616496
0.597261 4.148050
0.604781 3.777133
0.607889 3.846982
0.606899 3.620949
0.619572 3.743170
0.628042 3.050944
0.631239 2.448196
0.602878 3.529883
0.600072 3.284225
0.622369 2.928547
0.638773 1.456983
0.614649 3.113382
0.617773 3.336915
0.593746 3.723288
0.612304 3.775042
0.615305 3.800099
0.606937 3.065520
0.615313 3.612217
0.603677 3.874930
0.606357 3.547988
0.611352 3.649860
0.615828 2.065844
0.607139 2.941942
0.615361 3.020709
0.598222 3.139155
0.619084 2.540213
0.632322 2.492796
0.625133 1.573320
0.642023 1.453807
0.634821 2.361929
0.633290 2.089166
0.614623 2.297979
0.601427 2.940108
0.614028 3.343882
0.603982 2.704088
0.615986 2.616260
0.612387 4.067148
0.608766 3.503759
0.619579 3.560603
0.621665 2.980936
0.611736 3.681017
0.612553 3.811447
0.622390 3.979704
0.602920 3.782655
0.606639 3.612947
0.601680 3.179769
0.592290 3.954445
0.605476 2.261914
0.614894 2.154356
0.620350 3.693725
0.620166 3.979979
0.646802 2.602491
0.612040 3.686360
0.609675 3.411134
0.599519 3.617050
0.603526 3.646534
0.607531 3.604870
0.611716 3.497376
0.599214 3.650254
0.612053 3.801252
0.609576 3.761463
0.608683 2.926698
0.600694 1.866849
0.632640 3.219442
0.610179 2.209662
0.596371 3.266123
0.601511 3.900730
0.619238 2.358956
0.622086 2.612368
0.591646 3.051386
0.609033 3.659790
0.618141 2.574910
0.598780 3.768718
0.627670 3.710062
0.601825 3.865209
0.614340 3.365041
0.609605 3.806523
0.601837 3.560506
0.596140 3.691705
0.600755 3.733646
0.593811 3.566908
0.593093 3.639955
0.600004 3.574706
0.605589 3.625663
0.597720 3.582251
0.590769 3.733253
0.603882 3.749120
0.594730 3.607116
0.603217 3.498738
0.662205 1.362294
0.630683 1.944900
0.631253 1.875343
0.621113 2.297157
0.618575 2.452540
0.629639 2.140440
0.621768 2.645806
0.632286 2.499441
0.641073 2.841801
0.618749 3.050789
0.635459 1.855773
0.613650 2.059410
0.606216 3.570168
0.615543 3.195092
0.621233 2.666585
0.626129 2.137484
0.635724 1.900256
0.621912 3.277393
0.642863 2.417936
0.620146 3.765441
0.621148 3.917433
0.609436 3.885572
0.628095 3.370773
0.602881 3.698832
0.617590 3.547795
0.637332 3.587378
0.618170 3.768738
0.613921 3.454887
0.595455 3.626987
0.614449 3.740470
0.609588 3.927713
0.637356 2.742578
0.613617 3.700708
0.623353 3.061769
0.622065 2.033828
0.611683 3.025603
0.635486 1.936128
0.619439 3.265890
0.627618 3.735690
0.617999 3.787815
0.613023 3.900673
0.633591 2.750591
0.621100 2.534134
0.647741 1.832474
0.627062 2.094447
0.615873 3.351188
0.656197 1.800570
0.633305 1.552828
0.656181 1.171682
0.644217 2.936768
0.657067 1.586196
0.648016 1.786111
0.668640 1.856632
0.667850 1.634265
0.659631 2.771172
0.654877 2.045027
0.660512 2.363102
0.653907 3.756874
0.637488 2.494838
0.659247 1.948130
0.647988 2.069824
0.640304 2.133003
0.653120 3.000746
0.647744 2.085867
0.621016 2.503641
0.614353 2.523490
0.618803 2.449235
0.611141 3.345800
0.615245 3.808844
0.628881 3.651936
0.616699 3.976559
0.622933 3.068742
0.627891 1.896326
0.648335 2.352557
0.635694 1.494266
0.658695 2.663727
0.653685 1.753624
0.651932 1.493110
0.639127 2.048579
0.668126 2.535014
0.666806 3.907766
0.676410 3.107629
0.693129 2.223106
0.653153 4.456930
0.674785 3.380044
0.658727 3.650433
0.650760 1.877009
0.653669 2.031515
0.615446 1.483450
0.626168 2.006309
0.635108 1.537276
0.629607 2.679310
0.647515 2.007997
0.630095 2.231349
0.618370 3.054219
0.632012 3.158100
0.604910 3.364086
0.628470 2.761670
0.636961 2.079029
0.630139 3.116144
0.627763 3.333804
0.624525 3.787210
0.636069 1.839597
0.610778 2.813466
0.600227 2.411736
0.625904 4.029772
0.643234 4.024509
0.645844 1.954214
0.640611 2.840967
0.645306 2.263347
0.616597 2.057403
0.621425 2.817537
0.601839 4.430937
0.611787 1.995385
0.617447 3.201785
0.611771 2.421249
0.614829 2.361695
0.602812 3.454668
0.619402 4.444850
0.595789 2.916456
0.614497 3.376673
0.607848 2.357783
0.609701 2.375384
0.612220 3.092703
0.611659 3.785833
0.628676 2.189105
0.651866 1.622191
0.649097 2.218728
0.653588 2.009174
0.645866 1.891385
0.636700 2.586486
0.648239 1.772755
0.633293 4.125969
0.674548 3.585108
0.668951 2.534895
0.667127 3.441743
0.655952 4.201700
0.672123 3.603366
0.663021 4.167262
0.659373 4.176534
0.666629 3.678795
0.665601 4.236440
0.689895 1.820989
0.665499 2.907922
0.665329 2.156058
0.649270 2.113967
0.646947 4.133478
0.660970 1.315083
0.670118 1.428107
0.646920 3.454838
0.636784 4.050693
0.623065 3.502947
0.632512 1.924284
0.641568 2.027980
0.623313 3.427504
0.653841 3.689280
0.679229 3.921410
0.634120 4.429716
0.641859 3.538695
0.637334 3.905640
0.637758 3.240416
0.639472 2.808376
0.636481 3.038167
0.648956 2.672490
0.641260 2.610580
0.644902 2.386693
0.629403 3.979830
0.632087 4.423011
0.633741 4.359880
0.634596 4.125740
0.610136 4.276404
0.624337 3.803458
0.654769 3.572634
0.658952 2.197201
0.638122 3.352694
0.618289 4.195387
0.641260 3.693084
0.676408 3.507422
0.676564 2.719611
0.681037 2.383522
0.671172 2.081724
0.653493 2.247865
0.637311 2.006733
0.636855 2.149713
0.659491 1.950302
0.648557 2.936589
0.651267 2.615733
0.655114 2.302069
0.674390 2.569806
0.656098 3.848283
0.650636 4.475215
0.662733 4.114871
0.675735 4.035026
0.653420 3.983084
0.679534 4.095949
0.651060 4.131670
0.684746 2.467205
0.642552 1.711694
0.631928 1.810475
0.631995 2.216013
0.640295 1.898461
0.641148 2.223008
0.632381 1.737650
0.648449 1.661610
0.614947 3.367470
0.636157 3.699636
0.637541 3.909683
0.613824 3.718322
0.614067 3.728179
0.617396 3.472815
0.622011 1.871124
0.629422 2.545538
0.614620 2.380286
0.620951 3.154315
0.637838 1.951329
0.618873 2.206410
0.623137 2.532996
0.611238 4.027188
0.621470 3.199041
0.614773 1.963871
0.609750 3.448449
0.628542 2.432040
0.631347 1.929468
0.637911 2.650012
0.645152 1.714683
0.626068 2.050799
0.639617 2.234805
0.623723 2.347329
0.617995 2.467630
0.627211 2.057447
0.615835 3.171187
0.645777 2.048850
0.654129 2.707307
0.643701 4.298947
0.630767 3.714602
0.619764 3.630333
0.619528 3.126471
0.625998 1.905563
0.638438 2.096575
0.644304 2.772034
0.609974 2.963048
0.623960 2.152041
0.616712 3.485955
0.614507 3.080968
0.648330 3.394533
0.647896 2.934518
0.643821 3.181677
0.642170 2.122883
0.624053 1.711728
0.633239 2.314569
0.637917 1.738875
0.643831 2.320400
0.624094 2.224337
0.647579 1.686145
0.630967 2.373445
0.631541 1.495942
0.644909 1.791780
0.634190 2.168101
0.647017 2.187892
0.639190 2.012708
0.624746 2.097528
0.620560 2.279715
0.634562 1.624682
0.650332 1.357917
0.648146 2.030296
0.640286 1.930053
0.646155 2.060794
0.665384 2.952958
0.679885 3.747672
0.650092 3.776547
0.690071 3.374517
0.669972 2.802373
0.657663 1.498191
