1.546739 0.011010
1.546739 0.011010
1.506425 0.011262
1.437050 0.015270
1.462169 0.016128
1.425539 0.020682
1.307340 0.026180
1.222644 0.032690
1.228308 0.044559
1.215142 0.041928
1.200865 0.045707
1.193613 0.058030
1.133995 0.113060
1.091555 0.099766
1.059705 0.117927
1.032268 0.145894
1.045551 0.113050
0.997856 0.099547
0.982269 0.137143
1.084539 0.104012
1.130656 0.113488
1.210573 0.112425
1.273933 0.045745
1.290329 0.061717
1.271792 0.097010
1.177229 0.170824
1.204092 0.052257
1.217069 0.032336
1.262929 0.029807
1.348894 0.024424
1.253200 0.031241
1.382727 0.020353
1.374286 0.024076
1.388556 0.024191
1.441320 0.016628
1.511993 0.012151
1.389740 0.024395
1.344383 0.026631
1.357421 0.022102
1.267582 0.030501
1.320502 0.023537
1.308354 0.032532
1.253561 0.045469
1.213384 0.049434
1.177490 0.048278
1.160848 0.052437
1.138575 0.065479
1.148821 0.068464
1.114517 0.112698
1.101447 0.095613
1.100705 0.094969
1.186503 0.042331
1.228390 0.040972
1.153305 0.046783
1.129789 0.076666
1.082605 0.130811
1.148797 0.076062
1.165680 0.067951
1.177172 0.049732
1.180502 0.075623
1.273176 0.061080
1.285768 0.030616
1.212176 0.081586
1.188881 0.065906
1.144044 0.080215
1.154329 0.088107
1.145018 0.091758
1.145848 0.055627
1.062475 0.114405
1.040295 0.102327
1.066265 0.108075
1.152188 0.072785
1.108991 0.108946
1.119348 0.056839
1.061058 0.060519
1.021988 0.050114
0.915467 0.083820
0.911094 0.069362
0.904152 0.126044
0.899712 0.101727
0.889223 0.058953
0.856837 0.069673
0.833716 0.139873
0.888564 0.138310
0.884250 0.383468
0.906653 0.189914
1.053932 0.221051
1.067338 0.385057
1.080371 0.912472
1.104435 0.443621
1.085631 0.391935
1.094890 0.387698
1.048985 0.358981
1.030611 0.382145
1.042915 0.316292
0.932883 0.982727
1.003638 1.025961
1.072732 1.176187
1.003390 0.902663
0.992519 1.171724
1.024091 0.587831
1.014203 1.167063
1.037069 1.498200
1.056961 1.429861
1.096252 0.599080
1.109793 0.838618
1.143685 1.277477
1.109151 1.199590
1.073920 1.007528
0.944864 1.470979
0.885688 1.645321
0.850878 1.157340
0.925170 1.332446
1.055940 0.468214
1.087214 0.654141
1.082066 0.954868
0.987604 1.432443
0.975339 1.295741
0.950182 1.490068
0.921200 1.296719
0.883477 1.015107
0.830027 1.332983
0.840558 1.015790
0.876259 1.661972
0.907051 1.124260
0.952118 1.194933
0.883667 1.274620
0.924176 1.082157
1.015361 0.830446
1.064515 0.501261
1.073433 0.613938
0.965888 1.365939
0.938062 1.447396
0.943823 1.627241
0.956832 1.678064
1.004804 0.936184
0.881028 0.908532
0.934287 1.084487
0.884456 1.136015
0.923916 1.539019
0.903914 1.918988
0.914015 1.734334
0.831200 2.374059
0.838870 1.408826
0.798468 1.301584
0.759269 0.863462
0.788878 1.532684
0.820875 0.909344
0.870896 0.614767
0.877408 1.298451
0.853228 1.840196
0.860247 2.106967
0.928297 1.939411
0.884035 1.833138
0.949101 1.261221
0.991453 1.631717
0.978630 0.780724
0.881394 1.488090
0.881592 1.404747
0.848451 2.249895
0.823309 2.345331
0.838041 0.811851
0.829049 2.288439
0.851379 0.791294
0.823501 2.834465
0.813860 2.299638
0.800383 2.304749
0.774005 3.589610
0.786945 1.841608
0.822118 1.591411
0.881691 1.654821
0.879996 2.957836
0.898748 3.816113
0.851958 3.919672
0.922849 4.020365
0.896050 4.087186
0.854418 2.319121
0.843802 1.441162
0.843281 1.735033
0.846883 3.952823
0.890209 4.060850
0.938987 2.371024
0.917425 3.913421
0.963714 2.323872
0.976028 2.833510
0.926727 3.422662
0.918889 3.460166
0.910197 3.785870
0.992785 3.247313
0.943562 2.490317
0.910606 3.985660
0.890592 4.064956
0.888622 3.425489
0.940315 3.550521
1.032612 1.507713
1.049162 0.503806
1.015832 2.457431
0.990452 0.942188
0.990257 3.310408
0.972352 2.346435
0.976706 1.810171
0.943798 2.779631
0.953000 1.065179
1.039028 2.441693
0.942117 2.906394
0.879992 4.025611
0.853488 4.129793
0.845269 4.195438
0.882171 1.682304
0.915843 2.874422
0.913399 2.256977
0.799646 1.872076
0.793241 1.483739
0.804843 1.479169
0.840866 1.842212
0.927922 2.446965
0.892075 2.562914
0.878812 3.539464
0.837748 3.097175
0.801387 3.280046
0.787437 2.881736
0.810448 3.535196
0.771086 3.665969
0.734744 3.256502
0.756371 1.652127
0.796372 1.996903
0.840352 1.836584
0.786188 3.822391
0.779338 1.428358
0.721567 4.045713
0.759089 3.358406
0.731921 2.486564
0.697102 3.517492
0.675058 4.250033
0.690069 4.059098
0.702933 3.588078
0.755262 3.848213
0.707918 4.171826
0.721007 4.067438
0.722353 3.966990
0.744841 3.394621
0.679261 4.287383
0.717363 4.034001
0.719420 2.741711
0.691056 3.591919
0.724503 3.915296
0.741107 3.620876
0.785777 3.866248
0.841679 4.528368
0.797282 1.185446
0.838683 3.355910
0.847073 2.571174
0.727197 4.258466
0.712844 1.964470
0.763263 2.247212
0.739888 3.457238
0.749460 2.143578
0.864177 4.303838
0.845150 4.457584
0.884392 4.395290
0.952395 3.985547
1.012884 0.798071
1.082821 1.669790
1.024711 2.101479
0.935952 1.514979
0.978145 2.270299
0.953944 3.776639
0.980421 1.234927
0.914938 1.899558
0.863450 2.618829
0.848867 1.436225
0.846053 3.621836
0.916442 1.797782
0.938238 4.170446
0.980295 2.046208
0.966931 0.920685
0.969922 1.940259
0.945930 2.218615
0.952687 2.294617
0.891910 3.759705
0.952916 0.901378
0.939979 2.451832
0.875735 3.548897
0.884955 3.793559
0.833521 4.303806
0.861270 1.278502
0.819410 3.243223
0.784440 3.624403
0.779686 2.528503
0.822445 2.309519
0.851589 1.680067
0.863892 1.079392
0.799627 1.220864
0.755839 1.484849
0.708561 1.788021
0.773966 1.383153
0.819339 1.630116
0.818345 2.778202
0.798871 3.574002
0.823645 4.310785
0.856729 4.067787
0.771301 4.056846
0.788189 3.850873
0.766572 3.649285
0.792407 4.300745
0.801693 4.483911
0.839538 4.330991
0.850862 4.034847
0.874872 2.919279
0.816740 4.208940
0.857154 4.197082
0.876181 4.033127
0.861508 2.027711
0.889951 2.733266
0.960500 1.319548
0.985134 0.712050
0.901643 1.910485
0.944414 0.600972
0.885851 0.947308
0.837819 2.001836
0.858090 2.470971
0.834986 4.368592
0.972789 2.112317
0.905586 4.393179
0.882619 5.704797
0.869084 2.996658
0.838394 4.613396
0.862139 4.366209
0.835225 4.955197
0.867355 4.691661
0.927571 1.967656
0.869591 2.515334
0.866343 4.464101
0.799151 4.976826
0.842376 4.504722
0.844808 3.604701
0.808032 2.821390
0.851140 3.863996
0.826725 5.415427
0.836834 6.917995
0.851425 5.759663
0.797469 4.946957
0.745898 5.201065
0.757581 3.312818
0.743231 4.933496
0.756249 5.940253
0.832757 4.783533
0.841675 5.117921
0.891176 3.490865
0.875923 4.646757
0.913739 6.349212
0.926758 4.624057
0.887615 4.062356
0.898523 2.669882
0.811922 7.100757
0.813911 6.978768
0.811840 7.320353
0.775135 7.541081
0.822746 5.143600
0.816717 6.854549
0.771037 6.447511
0.775906 8.052911
0.782125 5.212630
0.786338 5.790541
0.747039 7.161470
0.778474 6.426995
0.795382 5.572756
0.795783 6.113640
0.895938 5.856619
0.835316 5.225122
0.874028 4.134627
0.782631 5.448230
0.739122 7.836171
0.752240 6.431496
0.758419 7.248008
0.799456 5.076254
0.801053 6.439211
0.786802 7.495836
0.839062 6.412179
0.750170 8.026827
0.759059 7.593779
0.754827 8.096891
0.847673 7.773126
0.882756 5.681665
0.871152 5.046892
0.905456 3.907553
0.885241 2.545050
0.899579 1.821033
0.837106 7.015912
0.809958 6.663119
0.895180 5.780404
1.008718 2.933021
0.967080 3.389782
0.933292 5.039863
0.942444 2.151679
0.815010 7.858932
0.811995 7.754138
0.870532 6.137015
0.826174 7.225192
0.892588 6.582437
0.884636 4.379433
0.890573 5.531585
0.934698 5.317483
0.915884 4.410519
0.955237 2.508569
0.871829 4.757262
0.835802 5.149520
0.803453 4.408721
0.854342 6.275162
0.824244 6.633992
0.888868 6.183008
0.899216 3.930665
0.879670 6.014322
0.916939 5.871229
0.908667 3.822068
0.860347 5.721997
0.818450 4.523715
0.876966 3.937581
0.850485 3.377499
0.809966 3.173650
0.874775 4.163239
0.859549 4.685408
0.817969 4.796679
0.819921 5.563448
0.805881 6.686645
0.814880 5.145132
0.842303 3.084843
0.757671 5.213352
0.802037 5.028516
0.790108 7.412289
0.876175 3.711313
0.866074 3.328846
0.867275 5.501899
0.826670 7.533075
0.833573 3.997612
0.886844 6.374527
0.910667 5.062402
0.855435 7.004441
0.815369 5.777405
0.846905 3.776908
0.857528 6.231767
0.858393 7.012529
0.853331 4.712115
0.852081 4.319309
0.858068 4.468888
0.833938 4.030473
0.822975 3.259188
0.809054 6.048752
0.799684 3.678104
0.817319 3.126713
0.836594 5.759701
0.885027 5.764593
0.924361 5.729747
0.937466 5.068530
0.933416 5.343340
0.908567 4.799284
0.882051 4.861721
0.952146 1.399073
0.973361 3.336050
0.941912 5.292449
0.846613 6.288977
0.865040 5.084224
0.863781 6.021843
0.868045 5.847303
0.882558 5.141587
0.868030 1.696687
0.824411 0.499687
0.838463 0.396938
0.796290 1.307343
0.798258 2.115230
0.789634 2.215386
0.783606 2.960575
0.747747 3.981791
0.773399 2.924693
0.839496 2.531665
0.861104 2.892384
0.823418 3.131056
0.809823 2.096058
0.758924 1.899134
0.753390 1.241117
0.759126 2.075066
0.786749 1.768577
0.828307 3.564700
0.821272 3.581479
0.852386 6.054569
0.859187 5.735338
0.801629 5.857892
0.821434 5.975295
0.864505 5.630220
0.836108 5.828052
0.809051 5.765207
0.841029 2.799812
0.915381 2.887904
0.923871 1.836283
0.904325 3.411841
0.855279 3.346773
0.880605 1.121218
0.825175 2.245048
0.903854 1.616004
0.854499 2.848149
0.879148 1.752709
0.871922 1.360211
0.908076 0.571362
0.842649 1.375251
0.819461 0.994175
0.775529 2.289806
0.740631 1.765901
0.783100 0.941353
0.752439 1.284243
0.769252 1.696011
0.821072 1.360302
0.824089 3.121163
0.857415 1.653150
0.853223 3.059631
0.836528 5.218690
0.872618 3.997410
0.841399 2.043378
0.856237 2.865720
0.875214 1.553326
0.868503 3.319442
0.849251 1.679012
0.863689 3.482571
0.912135 1.870753
0.874586 3.287976
0.888929 1.424975
0.836289 4.789898
0.905963 2.282747
0.901601 1.417599
0.892038 2.664485
0.935106 2.049067
0.943933 1.875344
0.976789 1.379207
0.906088 2.536001
0.894950 2.837645
0.914116 2.287249
0.912338 2.553524
0.893319 3.427411
0.939386 1.197263
0.894851 1.218567
0.879889 2.347588
0.909089 2.570203
0.888674 2.435102
0.854670 3.410667
0.836463 3.285010
0.827147 1.574080
0.867656 3.479219
0.881983 2.063524
0.865824 1.787812
0.788531 3.656219
0.759532 2.649880
0.743794 2.777230
0.778394 2.294962
0.828840 2.055319
0.772202 1.394844
0.684981 1.832110
0.699795 1.472191
0.706460 1.434888
0.719524 2.199631
0.744011 2.597909
0.775930 2.020507
0.821815 2.636891
0.740862 2.920450
0.724912 3.101591
0.725860 3.568209
0.742572 2.818268
0.788365 2.631358
0.778866 2.064027
0.725164 2.876664
0.751501 3.354457
0.755750 4.213243
0.755226 3.764835
0.765175 4.627938
0.774414 5.020768
0.752276 2.389847
0.718418 1.451786
0.719690 2.257351
0.659287 3.268111
0.643655 3.317104
0.669038 2.457100
0.681405 2.661533
0.750772 2.036129
0.766468 1.846751
0.790674 2.135998
0.816595 2.589010
0.797031 3.374703
0.762516 3.010950
0.799362 2.415476
0.799717 1.532638
0.831544 1.606435
0.880114 1.784466
0.847513 1.367719
0.944378 0.250103
0.953362 0.174037
0.861912 1.465563
0.893649 1.391186
0.999149 1.354928
1.005695 1.097638
0.973857 1.158024
0.950242 1.038221
0.889436 1.088950
0.874265 0.997035
0.882040 0.738126
0.851690 1.059028
0.826666 2.588704
0.831914 1.208332
0.810378 1.561769
0.838351 1.278570
0.826682 0.664957
0.778881 0.593322
0.813933 2.394530
0.831885 1.777598
0.796376 2.268379
0.749644 4.122130
0.783989 1.583037
0.830036 1.374082
0.753985 1.890187
0.792875 1.337197
0.803366 4.193650
0.841733 3.130857
0.924232 2.426041
0.911314 1.857407
0.851735 3.475929
0.834067 3.277918
0.835788 3.581225
0.832833 2.354418
0.828863 1.576419
0.810664 2.996267
0.782846 2.932855
0.848367 3.487916
0.970832 3.874038
0.931701 4.049532
0.884084 3.877582
0.895480 2.676469
0.932380 3.254172
0.952361 2.457049
0.870756 2.536570
0.882707 2.180399
0.847366 2.214907
0.915527 1.990158
0.858060 1.621233
0.862614 0.866593
0.910920 2.041657
0.964227 1.184588
0.920298 1.441122
0.927935 1.276934
0.986304 1.161093
0.900994 1.441191
0.872111 0.955735
0.881799 1.574477
0.874165 1.324816
0.861445 1.361031
0.917863 1.842083
0.950259 0.957303
0.982217 1.458153
0.887702 1.869538
0.919181 1.457441
0.900199 1.926231
0.860829 2.619780
0.874514 1.749073
0.853875 1.501727
0.870166 1.423403
0.885328 1.875438
0.881366 1.316324
0.908058 1.735064
0.937843 0.877150
0.969113 1.346918
0.995295 1.513522
1.004255 1.323953
1.067179 0.299583
1.105507 0.160524
1.082084 0.358053
1.080285 0.527297
1.018328 1.324281
1.013401 1.690449
0.975336 2.203176
0.939928 2.814528
0.897851 2.814140
0.811468 2.354712
0.782849 1.639912
0.760001 3.422359
0.752135 3.517972
0.796332 3.351352
0.804109 3.091463
0.745289 2.182200
0.742124 1.861308
0.736343 2.144912
0.758727 3.206109
0.838555 2.947391
0.845150 3.264420
0.806463 2.138573
0.807553 4.197790
0.859839 4.237490
0.884059 3.021493
0.884666 3.303470
0.895477 3.932273
0.859879 2.583319
0.812557 1.071364
0.763100 2.976312
0.783301 2.340637
0.775744 2.140358
0.787754 2.052138
0.802173 1.140756
0.882207 1.478712
0.940156 1.234102
0.973831 1.334026
0.936881 1.188728
0.897000 1.498939
0.933067 1.887057
0.967486 2.444763
0.939616 3.668824
0.956903 3.174232
0.939725 3.245431
0.963624 2.763801
1.030865 1.240460
1.039063 1.356017
0.995352 0.719552
1.042645 2.374235
0.976298 2.912835
0.980462 3.213547
1.035233 3.150548
1.019539 1.489742
0.966643 1.203903
0.976823 2.859378
0.915584 1.346504
0.946307 1.321300
0.915007 2.070858
0.901050 2.067896
0.896648 2.861103
0.898716 3.304280
0.911593 1.914976
0.874464 2.331346
0.922267 0.885589
0.850311 1.601585
0.884040 1.096836
0.871199 1.766060
0.923486 0.333916
0.909134 0.922900
0.872840 1.445249
0.875599 1.103132
0.891101 1.448645
0.928179 1.142315
1.024923 0.798434
1.029338 0.205242
0.950436 0.858943
0.930443 0.568217
0.914752 1.095652
0.939215 1.163166
0.910520 1.104950
0.907197 0.810151
0.911444 1.292834
0.818198 1.639934
0.863948 1.403573
0.851616 1.715457
0.842532 2.245839
0.850648 0.664079
0.815893 1.360867
0.886312 1.744131
0.891543 1.779135
0.814529 2.662232
0.825774 1.015557
0.840254 1.230735
0.875335 1.935421
0.895374 1.058510
0.875689 2.479217
0.856444 2.588328
0.887845 2.611671
0.915077 1.231022
0.796528 2.312339
0.864371 1.472605
0.882617 2.380203
0.891741 1.979079
0.791542 2.991871
0.794862 2.588445
0.791783 2.564333
0.871788 0.909126
0.822481 2.301345
0.861262 2.488392
0.890536 3.840586
0.885160 3.335839
0.878468 3.189905
0.881075 3.196997
0.994800 2.561198
0.954586 2.463501
0.918805 2.662823
0.867003 4.289955
0.807686 3.382017
0.805280 2.487575
0.769582 3.325864
0.857438 3.892844
0.891010 3.237308
0.964040 0.790475
0.909845 0.898431
0.902878 2.604953
0.906773 1.492149
0.892123 2.161255
0.920126 2.690964
0.937140 0.814118
0.901670 1.142876
0.870952 3.052561
0.878435 3.122062
0.854200 2.708484
0.914432 2.564281
0.906175 2.055758
0.801274 2.387757
0.824632 0.878033
0.829228 2.552059
0.922385 1.604249
0.881667 2.459228
0.902305 1.422987
0.935458 1.342152
0.906450 0.956318
0.911824 1.227046
0.849060 1.504397
0.879031 0.992738
0.917954 2.799829
0.886784 2.179675
0.934391 2.565745
0.933907 2.620482
1.001458 0.490059
0.993502 0.467289
0.899609 1.312262
0.863241 3.616705
0.898584 1.900387
0.961854 2.175424
0.904511 1.882939
0.805835 3.750214
0.885812 2.022546
0.858516 1.118671
0.834740 2.628853
0.884401 1.653501
0.866122 0.492760
0.854672 0.946367
0.844598 0.821673
0.877966 0.792784
0.894815 0.776990
0.933017 2.251489
0.972047 1.579381
1.025225 1.110356
0.958335 2.167494
1.005576 2.123247
0.971393 1.835096
1.007336 2.446611
1.049834 2.056794
1.003469 3.286460
1.010006 2.861829
0.977288 2.242411
0.961447 2.519743
0.829594 4.150654
0.849907 1.578084
0.833664 3.808846
0.805961 5.169912
0.838699 6.169996
0.825138 6.361056
0.909751 4.263045
0.874078 3.526294
0.867805 4.931196
0.898050 2.538296
0.863142 5.596862
0.875809 4.908959
0.851417 5.470794
0.913107 4.198276
0.942850 3.327284
0.898876 3.693020
0.941729 2.275966
0.920098 1.329775
0.916198 2.551057
0.890275 3.171249
0.857841 3.307566
0.840572 6.144646
0.887579 5.155627
0.904233 2.831747
0.905921 4.063248
0.859059 4.580599
0.809143 5.222710
0.777651 4.619407
0.815066 3.972435
0.779860 4.613317
0.747762 2.403653
0.756506 0.884144
0.749785 3.054456
0.768614 3.445461
0.825701 3.260305
0.868154 6.553228
0.879371 6.454952
0.870625 6.037259
0.881915 6.477403
0.908069 5.353099
1.024273 0.970198
0.999264 1.539325
0.952750 4.341749
0.928932 4.830830
0.980804 3.017044
0.950596 0.929711
0.954303 1.641647
0.924986 1.937643
0.938346 4.406790
0.867571 4.254597
0.905735 3.790692
0.914751 4.492997
0.888591 4.649638
0.861757 4.694974
0.833885 5.484870
0.830218 2.987395
0.768374 4.486944
0.765919 4.428182
0.794884 3.579864
0.792362 3.858102
0.756137 4.621761
0.784168 5.290862
0.821075 6.191164
0.832117 5.910001
0.905203 2.992753
0.935977 2.104247
0.976650 3.677645
0.947883 4.711879
0.917769 2.698181
0.972118 3.906964
1.021278 1.598263
1.007877 2.417390
1.028759 0.864998
0.955969 3.463729
0.897989 3.391390
0.932070 2.441197
0.840934 2.982365
0.831381 4.540408
0.841126 2.879230
0.817887 2.732767
0.761343 7.234696
0.742635 6.995070
0.795785 4.839249
0.760466 7.111374
0.780951 6.207486
0.773170 6.644795
0.797407 5.432564
0.754059 7.151678
0.777205 6.675607
0.763929 7.170701
0.785364 5.208935
0.812383 3.184227
0.746113 4.669153
0.708130 4.435984
0.754225 1.468869
0.731650 4.052930
0.766830 6.535582
0.770416 7.091650
0.811256 4.477791
0.771577 6.264852
0.821373 4.955357
0.786332 1.721062
0.766691 4.533432
0.854957 2.096414
0.888400 4.421735
0.953094 1.093491
0.996727 2.454384
1.053710 1.205891
0.947189 3.768632
0.934036 3.794718
0.914431 4.028861
0.850540 5.870041
0.866205 4.304566
0.864333 3.502309
0.873145 4.261312
0.880259 1.635139
0.894957 1.752704
0.902833 1.838632
0.923081 1.848377
0.877659 1.138400
0.808305 5.395504
0.860860 4.521584
0.915765 3.536968
0.881775 1.493489
0.835515 3.028960
0.913082 1.086031
0.849780 2.420497
0.893129 1.195519
0.887615 2.551186
0.900966 1.777325
0.899248 1.682558
0.896210 2.385439
0.907314 3.508781
0.942194 2.667706
0.931187 2.499636
0.906683 5.217937
0.945090 5.839503
0.956202 5.611469
0.967207 3.547017
0.929243 3.929837
0.932818 5.154993
0.904457 4.645791
0.895848 2.855652
0.907628 4.456670
0.834932 6.811511
0.859821 4.472559
0.835823 4.325884
0.872607 5.572117
0.836019 5.989449
0.850516 7.016024
0.942271 5.370603
0.898525 5.257251
0.860248 6.667060
0.881064 5.591725
0.879192 4.813175
0.867076 4.785873
0.874074 3.701934
0.914894 1.716120
0.862126 4.405213
0.843581 5.154639
0.907246 1.848253
0.901682 2.744968
0.843999 5.873183
0.878530 5.099394
0.888284 4.196822
0.866940 3.556912
0.868789 4.927770
0.817775 6.890318
0.826718 5.342752
0.900605 4.324053
0.884875 3.236823
0.796944 6.436143
0.855181 4.672916
0.849513 2.911328
0.820165 4.106231
0.787071 7.105216
0.739799 6.474935
0.761714 6.567468
0.789217 6.689889
0.823040 6.551208
0.866222 3.603986
0.858883 3.771722
0.811402 6.126469
0.840919 6.553451
0.844637 6.540139
0.849360 3.752000
0.896670 3.408334
0.844570 3.354827
0.822803 3.559025
0.804598 5.313713
0.858395 2.855255
0.928354 1.589853
0.931583 2.281125
0.941071 1.675980
0.946438 2.162964
0.956100 3.286167
0.966422 5.051846
0.975298 2.749323
0.901596 2.915608
0.891257 3.360943
0.886873 2.057416
0.873496 3.690461
0.860655 5.999541
0.862786 6.092202
0.828038 6.899200
0.797593 6.591816
0.846441 5.104837
0.822093 7.281095
0.877396 3.704049
0.816223 7.563066
0.776159 8.156595
0.846346 6.990749
0.886978 6.016360
0.948425 2.539669
0.913969 2.863727
0.828331 4.060831
0.801278 5.901161
0.786589 7.648047
0.801590 6.013818
0.810058 6.085353
0.858861 5.260392
0.854545 4.718043
0.812403 5.906804
0.830085 7.409314
0.829134 5.700494
0.861103 5.473796
0.860807 5.280228
0.918274 2.431492
0.923873 4.943738
0.873598 5.422702
0.837187 3.576029
0.836048 5.832015
0.894231 4.559242
0.895264 3.926784
0.887855 3.372626
0.870258 3.253535
0.937330 2.352146
0.856392 3.517054
0.852687 4.956663
0.834537 3.251019
0.879242 5.283512
0.860152 5.226457
0.826291 5.376969
0.924478 2.295859
1.003939 2.589860
1.051925 2.888551
0.965768 2.943413
1.011006 2.748537
0.944600 1.855926
0.947159 3.754786
0.905505 4.105454
0.915025 1.414812
0.922389 1.506987
0.819027 1.898153
0.828275 3.714091
0.818617 3.700003
0.841049 4.303097
0.792821 3.957363
0.780749 2.694274
0.841136 1.649470
0.886703 1.963474
0.900892 0.786427
0.900368 2.273528
0.893286 1.283896
0.880893 0.889017
0.881556 1.682486
0.947678 2.689415
0.965912 2.119963
0.966742 2.390299
0.992073 0.806723
0.991001 1.160372
1.020956 2.088370
1.098190 0.431697
1.071766 0.411485
1.033390 2.285373
1.011174 1.867072
0.969624 1.368874
0.941833 3.126441
1.004784 2.933451
1.072267 0.419388
1.031071 1.711855
1.034400 0.874452
1.069445 1.617625
1.010894 2.360059
0.886419 2.308479
0.909033 1.284720
0.857541 1.526665
0.852777 2.704119
0.863119 2.192660
0.892200 4.222707
0.887134 1.364363
0.927832 1.079659
0.882098 1.763159
0.839167 1.439963
0.802358 4.333344
0.817866 3.624093
0.858728 1.552050
0.824669 1.446074
0.837266 1.545253
0.812317 3.492133
0.846126 2.851284
0.869605 2.101866
0.792488 3.012105
0.769737 3.559000
0.763001 3.320120
0.771650 2.799498
0.769550 1.814712
0.756493 2.151004
0.737028 1.819264
0.714597 2.454646
0.789364 0.634040
0.837433 2.438520
0.844412 3.555774
0.888678 3.201219
0.852384 2.877189
0.843720 1.311530
0.854335 0.919128
0.824680 0.535414
0.808641 0.688016
0.785805 0.896023
0.756823 0.634703
0.747618 0.938500
0.756963 0.600105
0.758555 1.576808
0.808104 1.112304
0.767892 1.571135
0.788873 4.325676
0.764786 3.788482
0.748606 2.128816
0.790993 3.485629
0.786296 3.534967
0.805971 4.143557
0.791199 2.584518
0.826223 3.784744
0.877078 1.318789
0.861588 1.560366
0.893412 1.121859
0.904619 1.735777
0.871277 1.358220
0.888442 0.452780
0.855310 1.431309
0.840090 1.694544
0.887676 1.138936
0.896495 1.146950
0.888175 2.123352
0.845925 1.029170
0.850029 3.256399
0.892162 1.242401
0.877729 1.695029
0.843632 2.505672
0.834954 1.696626
0.811833 3.050647
0.836505 2.722348
0.897668 0.801183
0.897729 1.740511
0.956914 1.502903
0.970428 1.258084
0.941530 1.258354
0.925552 1.089379
0.959916 3.333726
0.922410 2.814844
0.882692 1.643948
0.854654 3.031386
0.925088 1.443389
0.933627 0.698832
0.920973 2.107427
0.900912 1.679304
0.934627 2.948938
0.870175 3.227619
0.906642 4.025526
0.934471 2.664816
0.867065 4.729281
0.803684 5.242677
0.778529 6.094352
0.836043 3.803141
0.846448 5.051634
0.821219 5.283316
0.891366 4.199510
0.808333 5.178923
0.814931 4.108949
0.736799 5.052801
0.738758 2.739756
0.694965 5.747831
0.757917 5.029100
0.771294 3.043725
0.762350 4.072009
0.744613 1.464254
0.756757 3.712581
0.790338 0.910442
0.772224 1.513917
0.777673 1.954666
0.848435 1.658492
0.881284 1.499364
0.850358 2.233568
0.853300 2.577013
0.857081 4.675392
0.943401 2.127797
0.914491 2.031978
0.888299 3.052085
0.872925 6.023537
0.827429 5.946264
0.894869 4.681842
0.889642 3.730434
0.979281 2.494008
1.008375 0.976057
1.011958 2.441795
0.951522 3.260695
0.906277 2.939703
0.944506 2.213837
0.999987 1.126010
0.956655 2.489709
0.992742 0.761611
0.933822 3.550665
0.915153 4.493496
0.871964 5.419155
0.883587 3.792527
0.848156 3.846456
0.816196 4.800605
0.863504 4.404373
0.832413 2.037371
0.827553 3.016542
0.818339 2.448925
0.792213 4.298819
0.756905 4.761109
0.776087 3.962155
0.826747 4.361489
0.856289 1.550937
0.859806 2.216760
0.824897 3.808566
0.815011 4.702600
0.830312 2.343986
0.768503 2.688859
0.788693 3.578162
0.833680 3.385306
0.841713 1.670750
0.805118 2.496788
0.802839 3.253022
0.804588 4.407483
0.853916 4.569421
0.927656 2.783154
0.848478 5.998048
0.905213 2.925473
0.811012 5.137962
0.815293 4.256541
0.856710 4.581782
0.892358 2.274441
0.876971 3.722176
0.913023 3.660336
0.940536 3.436832
0.997047 3.621679
0.961793 2.627937
0.958825 2.309834
0.885978 3.753759
0.813619 6.048608
0.866628 5.427257
0.815837 3.207999
0.824059 1.459280
0.885474 4.313542
0.881015 4.232776
0.915687 2.438835
0.862158 4.373021
0.860001 2.528545
0.862697 3.556879
0.802515 3.937856
0.805192 3.129812
0.826557 1.798323
0.758772 3.411013
0.766974 3.488106
0.799693 4.443869
0.735175 5.287336
0.726815 5.380685
0.737028 4.629941
0.776513 5.240672
0.783907 5.173616
0.847100 5.111094
0.876947 2.420173
0.912226 2.589521
0.836229 1.955958
0.823789 2.179342
0.860897 2.057144
0.934303 2.971488
0.911430 2.392104
0.864543 3.102084
0.866302 4.439986
0.910042 3.683074
0.879334 1.991728
0.846083 4.404435
0.939354 2.246209
0.927144 3.037757
0.920750 2.003626
0.920299 4.088085
0.904746 4.112250
0.912440 3.089555
0.907353 3.595909
0.839616 6.080595
0.842565 5.409558
0.809141 5.412649
0.846642 2.346020
0.811367 3.094907
0.876898 3.056532
0.884653 3.562848
0.936409 2.119657
0.906433 3.580749
0.893370 3.770101
0.856855 5.753075
0.859723 6.109203
0.846607 5.696774
0.930421 5.418617
0.868343 4.464164
0.931238 1.960916
1.046802 0.934665
1.057423 0.710969
1.027939 2.174579
0.928104 4.156082
0.996980 1.458220
1.072047 1.711517
1.052812 1.495168
1.011057 3.841579
1.013837 3.864271
0.998873 2.816781
0.969228 5.282228
0.959735 3.559197
0.935658 3.952525
0.953954 4.672088
0.897120 4.654766
0.903274 3.973253
0.771868 7.845817
0.807434 5.742366
0.741122 8.071702
0.741525 7.966407
0.777813 7.410455
0.791071 6.328458
0.782756 4.511042
0.770578 6.155014
0.793403 7.759766
0.759047 8.032019
0.753938 7.192557
0.811101 7.842299
0.894271 4.534955
0.841028 6.122263
0.862820 5.303070
0.892446 5.787927
0.906040 1.829701
0.863022 5.422057
0.819130 5.164405
0.780148 4.343822
0.751960 5.428702
0.765692 3.156366
0.794897 3.994083
0.794824 4.887487
0.788730 3.314896
0.796801 3.930892
0.793015 2.832687
0.811487 2.922613
0.806700 2.830673
0.765775 3.691385
0.776711 3.131951
0.869939 4.711842
0.794608 4.889589
0.858297 4.973315
0.853470 5.498742
0.836166 6.226450
0.808888 4.396862
0.839214 5.838989
0.831941 6.583045
0.843773 2.575657
0.844351 3.908373
0.805248 5.227838
0.854642 3.945314
0.813719 6.441858
0.819926 6.984954
0.808172 6.996278
0.831990 5.814095
0.809402 5.899581
0.846109 5.720500
0.799833 6.611799
0.794686 7.524532
0.842307 6.780255
0.854246 6.862497
0.891329 4.133499
0.900828 3.803415
0.931561 2.261357
0.888725 2.158285
0.840341 2.967479
0.817046 3.394275
0.802097 3.776218
0.785889 6.874733
0.831911 3.700402
0.915901 3.375134
0.873581 3.978956
0.944139 3.768478
0.917685 5.457851
0.929005 2.397552
0.916754 2.354567
0.898006 3.974024
0.921838 3.072548
0.869969 6.350764
0.893653 5.462962
0.877909 5.429402
0.947623 1.184180
0.862042 4.636350
0.940514 1.705424
0.960142 1.482840
0.878256 4.556698
0.925360 2.950921
0.931330 3.437906
0.875378 4.258731
0.924052 3.736987
0.856477 3.490380
0.840988 5.030858
0.819118 4.591791
0.791278 6.843514
0.771973 5.649787
0.800853 3.728483
0.757351 5.702276
0.760731 4.124900
0.774133 4.157387
0.784023 3.418530
0.820008 3.924833
0.786664 4.690798
0.804209 5.845201
0.862363 4.215005
0.797217 6.983336
0.791649 7.121673
0.794916 6.547945
0.830153 6.752344
0.864468 6.127020
0.891148 5.541908
0.826696 6.867582
0.793996 7.005876
0.782479 6.715535
0.828767 5.440467
0.821449 4.541617
0.767808 6.864398
0.801731 5.647049
0.861659 4.128982
0.803172 7.537677
0.899875 3.940063
0.876730 4.662316
0.895666 3.420282
0.861245 3.805302
0.832729 6.636078
0.797495 7.737231
0.768012 7.162990
0.832549 5.417496
0.868761 5.677629
0.815488 7.764676
0.834580 7.482400
0.834734 7.363742
0.796911 7.486594
0.766665 7.897932
0.810263 6.635991
0.786572 7.975779
0.805632 7.370865
0.888518 5.635161
0.878466 5.698444
0.812710 6.956529
0.808859 5.508433
0.798166 5.598864
0.886045 5.506965
0.933102 2.177658
0.864539 6.802497
0.852279 5.376326
0.930036 2.407273
0.868004 1.057284
0.908248 2.372879
0.884934 4.063349
0.950960 3.640240
0.890878 2.655738
0.816148 6.196599
0.894393 4.711732
0.844488 5.669751
0.796570 5.961329
0.806427 4.141091
0.812161 4.293950
0.751978 5.845718
0.841079 5.287108
0.868785 4.233086
0.866305 4.525976
0.933171 2.177366
0.910412 5.354063
0.908874 4.602853
0.877573 3.287283
0.825536 4.463262
0.905872 4.988850
0.873894 3.288661
0.873726 4.895898
0.866728 5.178273
0.861846 5.632806
0.834095 6.578627
0.844925 4.676140
0.802740 7.160600
0.801738 7.606692
0.812933 6.568818
0.924280 4.180071
0.980551 2.793346
0.913537 1.888345
1.012797 1.787730
1.007237 2.984901
1.028396 0.407325
0.916201 1.293042
0.821520 0.705837
0.773093 0.740497
0.818943 1.306932
0.808260 1.749510
0.779825 1.355652
0.813638 1.365145
0.811021 1.978974
0.832669 2.429068
0.746922 1.408226
0.821390 1.229863
0.801117 1.189340
0.816754 1.318518
0.785740 1.781593
0.822935 1.673880
0.868073 1.574561
0.862548 0.850887
0.861714 3.012277
0.945671 2.975962
1.038217 2.459796
0.968811 2.408524
0.923185 2.865352
0.994985 1.658052
0.983614 1.505500
0.996346 0.634130
0.908968 1.934844
0.861370 3.337577
0.842192 2.801298
0.793408 5.614941
0.796030 2.657226
0.762534 5.708179
0.747566 5.444818
0.774948 5.849129
0.765758 6.450332
0.840331 5.970056
0.868380 2.826306
0.899295 5.391621
0.964991 3.626935
0.945375 3.772344
0.880998 2.630683
0.846059 5.345698
0.823970 4.235936
0.907995 1.005431
0.863635 3.410806
0.856218 2.968176
0.890380 2.735589
0.894620 1.035978
0.861145 3.217478
0.894824 2.892461
0.864729 4.848632
0.924575 4.112408
0.872757 4.094341
0.859554 2.942876
0.910116 1.901265
0.910439 4.118961
0.844021 6.564042
0.837440 7.341701
0.840812 7.607153
0.853536 6.737807
0.879168 5.290482
0.856204 6.242777
0.824679 6.638313
0.860311 4.936771
0.832173 4.034216
0.826256 4.880461
0.795645 2.544408
0.740290 3.553034
0.765441 2.936566
0.830099 2.718025
0.858937 1.192584
0.789228 3.221192
0.785178 2.331327
0.761487 3.297224
0.840280 2.065837
0.840641 2.183648
0.869507 1.136229
0.846947 1.601917
0.901283 1.400713
0.900504 1.550857
0.835364 2.047068
0.781967 2.045561
0.823504 0.949166
0.856842 0.666075
0.833144 1.332939
0.854724 1.592736
0.881852 1.440310
0.919203 1.501809
0.976798 1.260168
0.995491 1.081400
0.984703 1.414158
0.973602 1.437115
0.897931 1.300092
0.857808 1.492365
0.855895 1.596429
0.904365 1.520457
0.897108 0.972529
0.930521 0.557314
0.928386 2.008401
0.921927 1.564152
0.918073 0.970050
0.981047 0.814004
0.962529 0.501884
1.024379 0.359406
0.971573 0.965786
0.941876 1.007970
0.983315 0.674798
0.913569 1.054731
1.019531 0.951063
0.983560 1.177148
0.990896 0.860512
1.028508 1.806588
0.997644 2.400487
0.965609 1.930801
0.978654 1.325890
0.950070 2.431773
0.958209 2.156901
0.903610 1.842246
0.921048 1.459852
0.932013 1.398945
0.874501 1.143013
0.861888 1.714153
0.850890 0.684671
0.795328 1.209458
0.790676 1.612032
0.807609 1.799815
0.792022 1.506854
0.752265 1.583198
0.765161 1.302061
0.737753 2.341505
0.757285 2.548617
0.761529 3.553131
0.838830 3.592881
0.941242 3.853681
0.985996 2.510505
0.987084 1.772934
0.949304 1.625465
0.937739 2.284335
0.893523 3.453233
0.899620 3.347106
0.907464 2.671203
0.876393 4.377185
0.925966 2.990641
0.892388 3.577501
0.896747 2.542277
0.877091 3.594062
0.927238 3.875381
0.933117 5.081045
0.934996 3.665792
0.897242 2.771000
0.913679 2.994727
0.810072 2.400380
0.817676 1.862330
0.837122 1.677081
0.875680 1.875949
0.873023 3.114297
0.932538 1.704636
0.998375 2.077499
0.994565 1.182771
0.944710 2.658119
0.864910 2.870052
0.902500 1.884632
0.877736 2.797519
0.909321 4.497682
0.852403 5.030583
0.894396 5.251824
0.965067 2.140165
0.921491 5.980543
0.839666 5.312398
0.832834 4.061362
0.839558 4.722741
0.903729 4.185535
0.925433 3.253486
0.883379 2.315109
0.838889 5.118777
0.861516 3.069137
0.830856 3.040816
0.888812 2.950074
0.837037 3.933758
0.949557 2.389141
0.863221 4.342855
0.896188 5.178030
0.910152 2.517727
0.866595 4.699028
0.823420 4.825770
0.859849 3.310462
0.837591 3.377166
0.870311 6.074123
0.947303 4.887968
0.948878 4.962317
0.944081 3.822780
0.902112 5.705380
0.863220 5.747141
0.866894 6.023980
0.948605 2.001644
0.915932 2.117399
0.820888 4.632701
0.808030 3.451096
0.832604 2.839510
0.854919 5.238090
0.803966 5.845139
0.893861 3.018354
0.910875 4.367443
0.854112 3.714623
0.799239 2.884165
0.826240 3.842857
0.820882 5.379377
0.820553 5.667909
0.800098 6.051583
0.828027 3.424222
0.852147 2.823377
0.832884 5.423220
0.855086 5.598270
0.837251 2.904684
0.849713 2.513816
0.867893 1.506190
0.744964 5.280226
0.720093 6.309767
0.770909 6.019077
0.806216 4.509299
0.839941 2.667108
0.781355 5.523888
0.810506 3.681106
0.746964 4.045153
0.798406 4.653332
0.731328 6.270441
0.730736 5.367982
0.790148 5.424689
0.823359 2.573815
0.803618 6.203700
0.851086 4.062036
0.869079 4.706521
0.870866 4.043066
0.829986 5.576324
0.819159 4.570291
0.794792 4.697207
0.779810 5.234168
0.812145 5.242927
0.807582 3.798888
0.828628 3.374936
0.875134 2.586582
0.817626 3.998552
0.846541 4.984352
0.894188 3.567605
0.901803 1.984154
0.817028 1.949807
0.898048 1.828364
0.866592 3.842752
0.824092 5.375589
0.858840 3.584944
0.883411 3.570640
0.816338 3.888776
0.809140 4.312353
0.767352 6.029689
0.817698 4.411444
0.805440 5.528884
0.795947 5.802034
0.758560 6.153574
0.800703 6.060557
0.861062 3.889783
0.899311 3.949450
0.871186 6.101755
0.882567 6.189703
0.977506 4.354873
0.903796 5.093396
0.897546 4.446297
0.850773 5.702315
0.837685 4.947329
0.862828 5.424594
0.900574 3.393534
0.906543 2.930132
0.946578 3.453353
0.880379 5.375366
0.829798 5.928698
0.789256 5.259914
0.777876 4.645044
0.753822 4.384121
0.727611 4.384456
0.789551 4.757137
0.724411 4.902217
0.772859 2.620119
0.765450 5.803817
0.781788 5.391224
0.806295 4.888286
0.791868 6.305913
0.822553 4.747615
0.889455 5.093228
0.931513 3.507259
0.868367 5.381114
0.863371 5.894139
0.883490 5.697307
0.904720 5.693387
0.931213 3.117371
0.947730 3.224920
0.924288 2.719917
0.839438 7.132464
0.869084 4.988516
0.811345 3.848551
0.761265 3.149937
0.787273 4.200124
0.823175 5.038903
0.836928 6.843702
0.858304 4.893367
0.831554 5.869263
0.835827 7.329522
0.852793 6.547301
0.862367 6.842870
0.823164 7.274434
0.817510 7.178509
0.827841 7.112433
0.833716 4.380936
0.779627 7.206446
0.793870 7.982637
0.826043 7.586456
0.856718 6.471021
0.807410 5.042234
0.857967 5.670427
0.863285 6.382781
0.875832 4.674936
0.891121 4.351578
0.905200 3.603127
0.936648 3.076945
0.945714 2.992070
0.843858 6.034618
0.798450 7.237625
0.865566 4.971614
0.810600 7.194353
0.871163 4.310423
0.838954 5.436997
0.822947 3.369145
0.860396 2.794793
0.866526 1.909437
0.867330 4.989551
0.839553 7.184517
0.929594 3.220634
0.890142 3.957336
0.874293 5.605303
0.910591 2.282480
0.860227 4.160293
0.860401 5.640618
0.814948 7.496074
0.863568 5.157569
0.835192 8.068679
0.866143 7.102480
0.821181 8.381777
0.817291 7.505250
0.822946 7.906735
0.863679 5.350528
0.857013 5.561014
0.835895 6.803313
0.854988 4.294791
0.802067 6.199960
0.829285 4.789239
0.826881 5.378967
0.876916 4.390242
0.795629 5.143127
0.839639 5.250028
0.873136 6.165650
0.843892 5.227782
0.775878 7.366567
0.794809 7.218798
0.822169 6.114216
0.807628 6.143841
0.807643 6.827026
0.842521 7.203925
0.858411 6.691410
0.825617 6.602953
0.879978 6.197168
0.864472 6.268892
0.829358 5.890781
0.809915 5.386809
0.907815 4.586500
0.849618 5.166376
0.840185 5.421066
0.895976 5.312650
0.893088 4.718125
0.893398 4.366824
0.876968 4.807212
0.863058 6.223442
0.870175 4.814586
0.845440 5.191534
0.844797 3.775334
0.894395 4.882985
0.901442 2.442928
0.879464 4.422111
0.943080 4.888434
0.977516 1.715354
0.985704 2.065377
0.964236 2.890367
0.977816 1.539451
0.890728 2.819314
0.900217 1.499140
0.922556 1.385965
0.888021 2.441323
0.871047 2.438829
0.801872 4.933532
0.867884 3.471511
0.887989 4.553537
0.943890 3.937573
0.933452 2.822361
0.881815 4.150801
0.883020 4.704309
0.849391 4.775732
0.794590 4.520549
0.896298 4.323560
0.993230 0.709853
0.969534 0.846092
0.963462 1.378194
0.953200 0.594458
0.965851 0.833383
0.894054 3.894138
0.881255 4.425765
0.844566 3.565438
0.783860 4.024570
0.774605 2.246606
0.810211 3.376735
0.895021 3.147470
0.936380 3.656688
0.974266 3.360609
1.046516 1.332825
1.050718 0.878795
0.980789 2.635178
0.979298 2.164978
1.002021 1.549133
1.006845 3.127065
1.007324 2.400954
0.876270 2.338309
0.819064 2.331893
0.760638 3.867811
0.760142 4.088650
0.778824 3.568601
0.742545 2.029198
0.764903 3.650381
0.754163 3.326920
0.762996 3.271655
0.714695 3.387715
0.717015 3.780879
0.761771 2.472782
0.791462 1.345011
0.795086 3.547896
0.797610 3.488324
0.838544 4.358902
0.847679 5.680000
0.854526 5.737624
0.798945 6.039531
0.806833 5.370181
0.806463 6.014797
0.828873 5.001009
0.835954 4.171179
0.837326 4.479513
0.914350 2.662928
0.880693 2.681434
0.895359 1.820628
0.892370 2.491312
0.904945 4.545338
0.858184 4.121171
0.837927 2.221745
0.905375 2.704373
0.832675 1.838023
0.800779 1.940990
0.844709 4.378783
0.820219 3.371003
0.799783 5.077823
0.870804 5.336134
0.828118 3.299666
0.836315 2.921598
0.804511 3.295671
0.766275 3.258288
0.774039 4.163279
0.785312 5.201207
0.809177 5.100891
0.814432 5.547702
0.801340 6.350579
0.862126 4.016985
0.837834 3.942048
0.825513 4.229985
0.822280 4.102893
0.857868 3.224950
0.825394 5.344595
0.802818 3.458787
0.808707 2.672338
0.859309 2.795496
0.891035 2.055204
0.779943 4.098099
0.721908 3.386943
0.731275 2.641148
0.738055 3.084788
0.758616 4.367614
0.802534 3.766817
0.779376 5.526619
0.791998 5.683976
0.781713 5.557341
0.716310 5.466034
0.765355 5.535617
0.785569 5.397154
0.811911 4.740069
0.832225 3.095561
0.831523 2.748424
0.806698 2.206458
0.764300 4.358164
0.757944 4.847319
0.807848 3.545362
0.817678 2.175304
0.765069 5.410373
0.775292 3.899488
0.806968 1.533796
0.757921 3.762679
0.762862 5.485105
0.774634 5.121135
0.877279 4.083456
0.893340 3.409409
0.868305 5.618668
0.835349 4.267999
0.851346 5.941855
0.917611 5.318232
0.811957 5.958920
0.859570 4.673914
0.840306 5.725446
0.805915 5.487030
0.821090 3.554393
0.827408 4.174635
0.838878 2.060289
0.849502 1.866660
0.875201 3.163360
0.932317 3.329372
0.893413 4.283977
0.967410 2.197109
0.899278 4.258005
0.920538 4.704485
0.903393 5.053907
0.909974 4.496989
0.947862 4.673547
0.945553 4.950150
0.918826 4.509712
0.916286 5.294666
0.883920 2.826308
0.881432 4.576273
0.963237 3.736858
1.009035 3.877528
0.941829 3.861991
1.002628 0.805307
0.994892 2.046850
0.970464 3.955654
0.983667 2.527249
0.967855 1.457641
0.913154 3.678277
0.952104 2.800498
0.966136 4.447618
0.927053 4.563626
0.904831 4.293184
0.932631 1.034422
0.908311 1.689836
0.908443 3.369166
0.952062 4.020927
0.934117 3.977912
0.936759 1.987483
0.887835 1.499297
0.915617 2.955246
0.923798 3.965549
1.005190 2.440517
1.020612 2.475846
0.939688 3.257568
0.969100 2.181184
0.984464 1.704168
0.983174 2.701075
0.926523 3.278891
0.905606 2.860799
0.840934 5.592847
0.767497 6.124421
0.831460 3.933921
0.814149 3.050751
0.842264 2.582951
0.808565 5.955811
0.900605 5.472763
0.873108 4.841502
0.826754 4.275947
0.891400 4.243346
0.917241 3.328962
0.913046 2.888458
0.884382 5.309826
0.917163 4.985122
0.844001 6.484309
0.813716 2.931298
0.878186 4.260831
0.865954 5.699798
0.867451 6.282907
0.868151 5.213244
0.870251 6.161073
0.878453 3.702445
0.868993 5.133078
0.849609 6.129716
0.917421 1.902947
0.858540 5.335032
0.895435 5.816744
0.908650 3.701624
0.889791 2.775838
0.840352 5.852419
0.810105 4.558591
0.819326 4.498700
0.852584 2.171745
0.737349 3.141339
0.735548 3.673422
0.799801 2.015828
0.785656 2.457225
0.726585 1.800528
0.746541 3.213294
0.815909 2.942220
0.837741 3.821435
0.790381 5.669694
0.871000 5.082991
0.890039 5.193156
0.809796 5.808672
0.841820 4.865723
0.875099 5.253760
0.912989 5.391829
0.872236 5.892815
0.869854 4.377661
0.832605 3.470735
0.799369 3.190727
0.838189 4.459903
0.786612 3.978925
0.786809 3.697698
0.845279 5.142535
0.831491 5.875016
0.818335 6.079232
0.803151 4.257289
0.873168 4.048373
0.857810 5.636722
0.868612 5.455756
0.864724 5.707210
0.834959 6.072734
0.828367 6.877032
0.871890 2.507473
0.811880 5.339905
0.797140 4.893365
0.871334 2.855800
0.857527 4.532627
0.848696 5.059540
0.931525 1.819596
0.961115 1.735356
0.965929 2.338350
0.883501 4.421546
0.884321 4.983210
0.870827 5.037944
0.871320 6.564512
0.830206 6.077519
0.819253 6.923601
0.834071 6.243058
0.844323 4.315279
0.930122 2.406984
0.888288 5.004575
0.872319 4.897802
0.818952 2.939839
0.832608 2.632199
0.792791 2.967957
0.795754 3.790797
0.850672 4.264944
0.808081 5.956831
0.834802 4.722566
0.822565 4.507167
0.793277 6.440097
0.787455 4.639076
0.790719 4.624763
0.751793 6.380905
0.791853 6.094067
0.844200 4.865333
0.869430 4.666489
0.854689 5.088007
0.912132 1.955485
0.844945 4.882418
0.849155 4.150839
0.887273 4.188246
0.817675 6.101755
0.884148 3.508703
0.869526 3.269236
0.846477 4.540644
0.847478 4.043696
0.857749 5.331983
0.840797 4.912976
0.777839 8.083003
0.839916 5.581007
0.830062 7.559547
0.865526 7.285192
0.840541 6.753801
0.790308 5.735328
0.799290 6.075147
0.819317 7.031005
0.836573 7.544250
0.853365 6.085862
0.879773 4.860208
0.870577 7.499239
0.816049 6.597075
0.830452 6.558039
0.842668 7.205367
0.775903 7.337229
0.740735 8.079274
0.859445 4.028415
0.897183 4.801021
0.924654 3.635791
0.901115 4.925692
0.836291 8.024038
0.838490 6.831212
0.885162 5.615158
0.829772 4.757982
0.872202 4.954667
0.831089 6.282642
0.777550 7.324423
0.787185 6.975183
0.773942 3.743513
0.848396 4.555418
0.835971 3.628155
0.808048 6.800350
0.833213 6.806358
0.823354 5.306611
0.847719 6.050963
0.851335 3.995594
0.960487 2.169591
0.997575 3.266786
0.912270 5.536446
0.873088 4.938980
0.876068 3.192737
0.876289 4.430444
0.884186 3.948930
0.834346 5.463888
0.857974 6.735052
0.847285 6.450010
0.867204 3.714791
0.831180 4.264811
0.781223 7.314585
0.776487 7.076553
0.756688 7.271885
0.793059 7.250859
0.769445 7.125306
0.831098 5.623497
0.848673 4.665312
0.811657 6.046978
0.752636 6.913545
0.748281 7.303513
0.771542 6.872075
0.759296 7.246282
0.776707 6.359297
0.771224 5.259732
0.760480 3.785144
0.744483 6.039874
0.733582 7.562689
0.735219 7.091941
0.764387 6.290565
0.775490 5.790568
0.808194 5.413085
0.800551 5.721888
0.846237 2.526526
0.784427 5.457462
0.810996 7.116277
0.778150 7.195362
0.752291 7.169650
0.847693 3.439679
0.820129 3.928049
0.791839 5.502343
0.787855 3.896292
0.822310 5.080533
0.843856 5.630182
0.910167 6.046696
0.918185 3.527167
0.915985 4.035324
0.905638 4.609249
0.870129 5.482897
0.909439 4.634777
0.822653 7.950180
0.833801 7.550725
0.888199 2.868272
0.850120 5.273987
0.872632 6.586622
0.868994 5.478791
0.936072 1.979043
0.939132 1.789479
0.922088 4.245023
0.891873 4.452040
0.944718 2.774507
0.894800 2.714527
0.757137 3.211406
0.740876 4.270940
0.806161 2.443309
0.853359 0.890138
0.880957 1.318255
0.844944 3.176822
0.843634 3.886526
0.877907 2.430846
0.854074 2.147658
0.876873 1.233349
0.913474 2.545303
0.961557 3.213544
0.974355 1.742892
0.885057 3.078257
0.831722 7.096082
0.924704 4.044783
0.869430 5.327821
0.867751 5.750286
0.920008 4.462799
0.913873 6.140624
0.930712 4.956280
0.875210 5.413491
0.927221 1.564938
0.827449 3.687163
0.876010 3.774129
0.882620 2.107529
0.809138 5.308618
0.761470 5.913720
0.761519 5.428895
0.771647 5.352630
0.839711 3.820528
0.866686 3.399247
0.832409 3.339489
0.838093 3.772884
0.811426 5.122292
0.826128 5.716610
0.850333 5.639404
0.815970 6.263450
0.802069 5.144409
0.775128 3.113495
0.771231 5.483493
0.762143 6.431450
0.880091 5.280426
0.886012 4.813138
0.932718 3.923321
0.921340 2.980359
0.896248 3.585366
0.888143 5.552318
0.856987 6.775481
0.829898 5.609617
0.794896 6.138888
0.797752 5.403340
0.811255 6.359608
0.821019 6.990104
0.794909 7.802072
0.864557 7.333898
0.834845 4.804691
0.829888 6.156623
0.863184 4.627732
0.841291 6.716901
0.860614 5.604462
0.817763 6.552593
0.891828 4.127337
0.914353 1.369759
0.895541 3.293033
0.852638 6.694044
0.842611 6.741745
0.822627 5.732045
0.851922 3.062212
0.865355 3.167242
0.863608 5.585546
0.835559 5.496637
0.887487 5.037492
0.850611 5.845282
0.821015 5.600961
0.812012 5.506765
0.808938 3.522623
0.853444 1.846242
0.809602 3.212660
0.831167 5.794065
0.869666 4.827075
0.812044 7.239849
0.809212 7.722376
0.793748 7.025306
0.805630 6.463861
0.845290 3.508491
0.914141 2.086428
0.904414 3.788951
0.895839 4.295633
0.874470 6.225135
0.960844 5.071128
0.974130 1.554925
0.997553 3.675303
0.857741 5.727562
0.897726 3.642640
0.874793 6.101064
0.854666 7.305649
0.844224 6.689862
0.882188 4.911022
0.918626 3.162828
0.899282 3.556062
0.872803 5.668750
0.820353 4.497266
0.740639 7.408607
0.771798 6.951923
0.798512 5.663798
0.837920 6.796343
0.785429 6.349716
0.858134 5.316572
0.835114 6.971851
0.822887 6.648465
0.888328 4.791928
0.915844 4.504763
0.926833 3.898879
0.920257 2.106844
0.924233 4.161897
0.835984 6.257316
0.859889 4.510190
0.893834 1.970133
0.883439 4.480010
0.870807 3.336591
0.878561 4.885063
0.883004 4.148147
0.860815 4.125421
0.809676 4.460256
0.787684 4.387278
0.843685 4.871173
0.894771 4.733322
0.921389 2.706655
0.889989 3.984646
0.838598 4.558267
0.807236 3.886080
0.859178 2.035219
0.900470 2.695884
0.911139 3.817792
0.857357 6.032123
0.803291 6.276635
0.813555 4.209275
0.850943 4.710571
0.816571 5.887201
0.905305 4.648958
0.878824 5.109283
0.930890 2.406558
0.909633 4.603173
0.901179 5.117918
0.903735 4.261486
0.864206 5.502856
0.880642 4.831939
0.928957 3.030014
0.898085 5.216395
0.828874 6.111198
0.815617 2.416805
0.820105 5.311602
0.816779 4.423148
0.827188 3.903442
0.873536 1.306791
0.914065 1.055835
0.846135 5.707316
0.841392 6.450771
0.801945 6.332976
0.724042 6.365511
0.789622 6.066556
0.808818 6.530138
0.866164 3.205381
0.788528 4.579068
0.865256 4.120310
0.888802 3.409498
0.843121 4.240516
0.851391 6.261205
0.839860 5.402643
0.821458 4.388745
0.816005 4.762318
0.826796 7.438354
0.911610 4.050864
0.940941 1.428466
0.807197 6.019947
