0.619 0.15 0.0
0.619 0.44999999999999996 0.0
0.619 0.75 0.0
0.619 1.05 0.0
0.619 1.3499999999999999 0.0
0.619 1.65 0.0
0.619 1.95 3.0
0.619 2.25 0.0
0.619 2.55 3.0
0.619 2.85 4.0
0.619 3.15 6.0
0.619 3.4499999999999997 19.0
0.619 3.75 10.0
0.619 4.05 15.0
0.619 4.35 12.0
0.619 4.6499999999999995 1.0
0.619 4.95 0.0
0.619 5.25 0.0
0.619 5.55 0.0
0.619 5.85 0.0
0.619 6.1499999999999995 0.0
0.619 6.45 0.0
0.619 6.75 0.0
0.619 7.05 0.0
0.619 7.35 0.0
0.619 7.6499999999999995 0.0
0.619 7.949999999999999 0.0
0.619 8.25 0.0
0.619 8.549999999999999 0.0
0.619 8.85 0.0
0.619 9.15 0.0
0.619 9.45 0.0
0.619 9.75 0.0
0.619 10.049999999999999 0.0
0.619 10.35 0.0
0.619 10.65 0.0
0.619 10.95 0.0
0.619 11.25 0.0
0.619 11.549999999999999 0.0
0.619 11.85 0.0
0.619 12.15 0.0
0.619 12.45 0.0
0.619 12.75 0.0
0.619 13.049999999999999 0.0
0.619 13.35 0.0
0.619 13.65 0.0
0.619 13.95 0.0
0.619 14.25 0.0
0.619 14.549999999999999 0.0
0.619 14.85 0.0

0.657 0.15 0.0
0.657 0.44999999999999996 0.0
0.657 0.75 0.0
0.657 1.05 1.0
0.657 1.3499999999999999 4.0
0.657 1.65 11.0
0.657 1.95 16.0
0.657 2.25 18.0
0.657 2.55 14.0
0.657 2.85 16.0
0.657 3.15 31.0
0.657 3.4499999999999997 97.0
0.657 3.75 29.0
0.657 4.05 31.0
0.657 4.35 15.0
0.657 4.6499999999999995 7.0
0.657 4.95 5.0
0.657 5.25 6.0
0.657 5.55 1.0
0.657 5.85 1.0
0.657 6.1499999999999995 0.0
0.657 6.45 0.0
0.657 6.75 0.0
0.657 7.05 0.0
0.657 7.35 0.0
0.657 7.6499999999999995 0.0
0.657 7.949999999999999 0.0
0.657 8.25 0.0
0.657 8.549999999999999 0.0
0.657 8.85 0.0
0.657 9.15 0.0
0.657 9.45 0.0
0.657 9.75 0.0
0.657 10.049999999999999 0.0
0.657 10.35 0.0
0.657 10.65 0.0
0.657 10.95 0.0
0.657 11.25 0.0
0.657 11.549999999999999 0.0
0.657 11.85 0.0
0.657 12.15 0.0
0.657 12.45 0.0
0.657 12.75 0.0
0.657 13.049999999999999 0.0
0.657 13.35 0.0
0.657 13.65 0.0
0.657 13.95 0.0
0.657 14.25 0.0
0.657 14.549999999999999 0.0
0.657 14.85 0.0

0.695 0.15 0.0
0.695 0.44999999999999996 0.0
0.695 0.75 3.0
0.695 1.05 1.0
0.695 1.3499999999999999 1.0
0.695 1.65 2.0
0.695 1.95 3.0
0.695 2.25 8.0
0.695 2.55 5.0
0.695 2.85 17.0
0.695 3.15 20.0
0.695 3.4499999999999997 38.0
0.695 3.75 9.0
0.695 4.05 8.0
0.695 4.35 9.0
0.695 4.6499999999999995 15.0
0.695 4.95 10.0
0.695 5.25 9.0
0.695 5.55 3.0
0.695 5.85 0.0
0.695 6.1499999999999995 1.0
0.695 6.45 0.0
0.695 6.75 2.0
0.695 7.05 1.0
0.695 7.35 1.0
0.695 7.6499999999999995 0.0
0.695 7.949999999999999 0.0
0.695 8.25 2.0
0.695 8.549999999999999 0.0
0.695 8.85 0.0
0.695 9.15 0.0
0.695 9.45 0.0
0.695 9.75 0.0
0.695 10.049999999999999 0.0
0.695 10.35 0.0
0.695 10.65 0.0
0.695 10.95 0.0
0.695 11.25 0.0
0.695 11.549999999999999 0.0
0.695 11.85 0.0
0.695 12.15 0.0
0.695 12.45 0.0
0.695 12.75 0.0
0.695 13.049999999999999 0.0
0.695 13.35 0.0
0.695 13.65 0.0
0.695 13.95 0.0
0.695 14.25 0.0
0.695 14.549999999999999 0.0
0.695 14.85 0.0

0.733 0.15 0.0
0.733 0.44999999999999996 0.0
0.733 0.75 0.0
0.733 1.05 0.0
0.733 1.3499999999999999 1.0
0.733 1.65 1.0
0.733 1.95 0.0
0.733 2.25 2.0
0.733 2.55 6.0
0.733 2.85 2.0
0.733 3.15 13.0
0.733 3.4499999999999997 10.0
0.733 3.75 1.0
0.733 4.05 6.0
0.733 4.35 9.0
0.733 4.6499999999999995 6.0
0.733 4.95 4.0
0.733 5.25 5.0
0.733 5.55 4.0
0.733 5.85 6.0
0.733 6.1499999999999995 0.0
0.733 6.45 8.0
0.733 6.75 4.0
0.733 7.05 7.0
0.733 7.35 5.0
0.733 7.6499999999999995 4.0
0.733 7.949999999999999 13.0
0.733 8.25 16.0
0.733 8.549999999999999 7.0
0.733 8.85 21.0
0.733 9.15 51.0
0.733 9.45 0.0
0.733 9.75 0.0
0.733 10.049999999999999 0.0
0.733 10.35 0.0
0.733 10.65 0.0
0.733 10.95 0.0
0.733 11.25 0.0
0.733 11.549999999999999 0.0
0.733 11.85 0.0
0.733 12.15 0.0
0.733 12.45 0.0
0.733 12.75 0.0
0.733 13.049999999999999 0.0
0.733 13.35 0.0
0.733 13.65 0.0
0.733 13.95 0.0
0.733 14.25 0.0
0.733 14.549999999999999 0.0
0.733 14.85 0.0

0.7709999999999999 0.15 0.0
0.7709999999999999 0.44999999999999996 0.0
0.7709999999999999 0.75 0.0
0.7709999999999999 1.05 0.0
0.7709999999999999 1.3499999999999999 0.0
0.7709999999999999 1.65 1.0
0.7709999999999999 1.95 0.0
0.7709999999999999 2.25 0.0
0.7709999999999999 2.55 1.0
0.7709999999999999 2.85 2.0
0.7709999999999999 3.15 3.0
0.7709999999999999 3.4499999999999997 2.0
0.7709999999999999 3.75 2.0
0.7709999999999999 4.05 6.0
0.7709999999999999 4.35 4.0
0.7709999999999999 4.6499999999999995 8.0
0.7709999999999999 4.95 3.0
0.7709999999999999 5.25 5.0
0.7709999999999999 5.55 10.0
0.7709999999999999 5.85 3.0
0.7709999999999999 6.1499999999999995 10.0
0.7709999999999999 6.45 15.0
0.7709999999999999 6.75 19.0
0.7709999999999999 7.05 29.0
0.7709999999999999 7.35 54.0
0.7709999999999999 7.6499999999999995 35.0
0.7709999999999999 7.949999999999999 68.0
0.7709999999999999 8.25 85.0
0.7709999999999999 8.549999999999999 70.0
0.7709999999999999 8.85 107.0
0.7709999999999999 9.15 111.0
0.7709999999999999 9.45 4.0
0.7709999999999999 9.75 2.0
0.7709999999999999 10.049999999999999 0.0
0.7709999999999999 10.35 0.0
0.7709999999999999 10.65 0.0
0.7709999999999999 10.95 0.0
0.7709999999999999 11.25 0.0
0.7709999999999999 11.549999999999999 0.0
0.7709999999999999 11.85 0.0
0.7709999999999999 12.15 0.0
0.7709999999999999 12.45 0.0
0.7709999999999999 12.75 0.0
0.7709999999999999 13.049999999999999 0.0
0.7709999999999999 13.35 0.0
0.7709999999999999 13.65 0.0
0.7709999999999999 13.95 0.0
0.7709999999999999 14.25 0.0
0.7709999999999999 14.549999999999999 0.0
0.7709999999999999 14.85 0.0

0.8089999999999999 0.15 0.0
0.8089999999999999 0.44999999999999996 0.0
0.8089999999999999 0.75 0.0
0.8089999999999999 1.05 0.0
0.8089999999999999 1.3499999999999999 2.0
0.8089999999999999 1.65 1.0
0.8089999999999999 1.95 0.0
0.8089999999999999 2.25 2.0
0.8089999999999999 2.55 0.0
0.8089999999999999 2.85 1.0
0.8089999999999999 3.15 0.0
0.8089999999999999 3.4499999999999997 1.0
0.8089999999999999 3.75 2.0
0.8089999999999999 4.05 0.0
0.8089999999999999 4.35 7.0
0.8089999999999999 4.6499999999999995 4.0
0.8089999999999999 4.95 5.0
0.8089999999999999 5.25 18.0
0.8089999999999999 5.55 6.0
0.8089999999999999 5.85 16.0
0.8089999999999999 6.1499999999999995 30.0
0.8089999999999999 6.45 37.0
0.8089999999999999 6.75 41.0
0.8089999999999999 7.05 49.0
0.8089999999999999 7.35 91.0
0.8089999999999999 7.6499999999999995 75.0
0.8089999999999999 7.949999999999999 86.0
0.8089999999999999 8.25 108.0
0.8089999999999999 8.549999999999999 56.0
0.8089999999999999 8.85 37.0
0.8089999999999999 9.15 11.0
0.8089999999999999 9.45 0.0
0.8089999999999999 9.75 2.0
0.8089999999999999 10.049999999999999 0.0
0.8089999999999999 10.35 0.0
0.8089999999999999 10.65 0.0
0.8089999999999999 10.95 0.0
0.8089999999999999 11.25 0.0
0.8089999999999999 11.549999999999999 0.0
0.8089999999999999 11.85 0.0
0.8089999999999999 12.15 0.0
0.8089999999999999 12.45 0.0
0.8089999999999999 12.75 0.0
0.8089999999999999 13.049999999999999 0.0
0.8089999999999999 13.35 0.0
0.8089999999999999 13.65 0.0
0.8089999999999999 13.95 0.0
0.8089999999999999 14.25 0.0
0.8089999999999999 14.549999999999999 0.0
0.8089999999999999 14.85 0.0

0.847 0.15 0.0
0.847 0.44999999999999996 0.0
0.847 0.75 1.0
0.847 1.05 0.0
0.847 1.3499999999999999 1.0
0.847 1.65 0.0
0.847 1.95 0.0
0.847 2.25 0.0
0.847 2.55 0.0
0.847 2.85 0.0
0.847 3.15 0.0
0.847 3.4499999999999997 5.0
0.847 3.75 1.0
0.847 4.05 4.0
0.847 4.35 5.0
0.847 4.6499999999999995 3.0
0.847 4.95 7.0
0.847 5.25 10.0
0.847 5.55 17.0
0.847 5.85 17.0
0.847 6.1499999999999995 27.0
0.847 6.45 29.0
0.847 6.75 22.0
0.847 7.05 29.0
0.847 7.35 35.0
0.847 7.6499999999999995 21.0
0.847 7.949999999999999 9.0
0.847 8.25 0.0
0.847 8.549999999999999 0.0
0.847 8.85 0.0
0.847 9.15 0.0
0.847 9.45 0.0
0.847 9.75 0.0
0.847 10.049999999999999 0.0
0.847 10.35 0.0
0.847 10.65 0.0
0.847 10.95 0.0
0.847 11.25 0.0
0.847 11.549999999999999 0.0
0.847 11.85 0.0
0.847 12.15 0.0
0.847 12.45 0.0
0.847 12.75 0.0
0.847 13.049999999999999 0.0
0.847 13.35 0.0
0.847 13.65 0.0
0.847 13.95 0.0
0.847 14.25 0.0
0.847 14.549999999999999 0.0
0.847 14.85 0.0

0.885 0.15 1.0
0.885 0.44999999999999996 3.0
0.885 0.75 0.0
0.885 1.05 0.0
0.885 1.3499999999999999 1.0
0.885 1.65 0.0
0.885 1.95 0.0
0.885 2.25 0.0
0.885 2.55 0.0
0.885 2.85 0.0
0.885 3.15 2.0
0.885 3.4499999999999997 1.0
0.885 3.75 2.0
0.885 4.05 1.0
0.885 4.35 2.0
0.885 4.6499999999999995 5.0
0.885 4.95 6.0
0.885 5.25 2.0
0.885 5.55 3.0
0.885 5.85 1.0
0.885 6.1499999999999995 5.0
0.885 6.45 2.0
0.885 6.75 3.0
0.885 7.05 0.0
0.885 7.35 0.0
0.885 7.6499999999999995 0.0
0.885 7.949999999999999 0.0
0.885 8.25 0.0
0.885 8.549999999999999 0.0
0.885 8.85 0.0
0.885 9.15 0.0
0.885 9.45 0.0
0.885 9.75 0.0
0.885 10.049999999999999 0.0
0.885 10.35 0.0
0.885 10.65 0.0
0.885 10.95 0.0
0.885 11.25 0.0
0.885 11.549999999999999 0.0
0.885 11.85 0.0
0.885 12.15 0.0
0.885 12.45 0.0
0.885 12.75 0.0
0.885 13.049999999999999 0.0
0.885 13.35 0.0
0.885 13.65 0.0
0.885 13.95 0.0
0.885 14.25 0.0
0.885 14.549999999999999 0.0
0.885 14.85 0.0

0.923 0.15 0.0
0.923 0.44999999999999996 1.0
0.923 0.75 1.0
0.923 1.05 0.0
0.923 1.3499999999999999 1.0
0.923 1.65 0.0
0.923 1.95 0.0
0.923 2.25 0.0
0.923 2.55 0.0
0.923 2.85 0.0
0.923 3.15 0.0
0.923 3.4499999999999997 1.0
0.923 3.75 0.0
0.923 4.05 0.0
0.923 4.35 0.0
0.923 4.6499999999999995 0.0
0.923 4.95 1.0
0.923 5.25 0.0
0.923 5.55 0.0
0.923 5.85 0.0
0.923 6.1499999999999995 0.0
0.923 6.45 0.0
0.923 6.75 0.0
0.923 7.05 0.0
0.923 7.35 0.0
0.923 7.6499999999999995 0.0
0.923 7.949999999999999 0.0
0.923 8.25 0.0
0.923 8.549999999999999 0.0
0.923 8.85 0.0
0.923 9.15 0.0
0.923 9.45 0.0
0.923 9.75 0.0
0.923 10.049999999999999 0.0
0.923 10.35 0.0
0.923 10.65 0.0
0.923 10.95 0.0
0.923 11.25 0.0
0.923 11.549999999999999 0.0
0.923 11.85 0.0
0.923 12.15 0.0
0.923 12.45 0.0
0.923 12.75 0.0
0.923 13.049999999999999 0.0
0.923 13.35 0.0
0.923 13.65 0.0
0.923 13.95 0.0
0.923 14.25 0.0
0.923 14.549999999999999 0.0
0.923 14.85 0.0

0.961 0.15 1.0
0.961 0.44999999999999996 0.0
0.961 0.75 0.0
0.961 1.05 0.0
0.961 1.3499999999999999 0.0
0.961 1.65 0.0
0.961 1.95 0.0
0.961 2.25 0.0
0.961 2.55 0.0
0.961 2.85 0.0
0.961 3.15 0.0
0.961 3.4499999999999997 0.0
0.961 3.75 0.0
0.961 4.05 0.0
0.961 4.35 0.0
0.961 4.6499999999999995 0.0
0.961 4.95 0.0
0.961 5.25 0.0
0.961 5.55 0.0
0.961 5.85 0.0
0.961 6.1499999999999995 0.0
0.961 6.45 0.0
0.961 6.75 0.0
0.961 7.05 0.0
0.961 7.35 0.0
0.961 7.6499999999999995 0.0
0.961 7.949999999999999 0.0
0.961 8.25 0.0
0.961 8.549999999999999 0.0
0.961 8.85 0.0
0.961 9.15 0.0
0.961 9.45 0.0
0.961 9.75 0.0
0.961 10.049999999999999 0.0
0.961 10.35 0.0
0.961 10.65 0.0
0.961 10.95 0.0
0.961 11.25 0.0
0.961 11.549999999999999 0.0
0.961 11.85 0.0
0.961 12.15 0.0
0.961 12.45 0.0
0.961 12.75 0.0
0.961 13.049999999999999 0.0
0.961 13.35 0.0
0.961 13.65 0.0
0.961 13.95 0.0
0.961 14.25 0.0
0.961 14.549999999999999 0.0
0.961 14.85 0.0

0.9989999999999999 0.15 1.0
0.9989999999999999 0.44999999999999996 1.0
0.9989999999999999 0.75 0.0
0.9989999999999999 1.05 0.0
0.9989999999999999 1.3499999999999999 0.0
0.9989999999999999 1.65 0.0
0.9989999999999999 1.95 0.0
0.9989999999999999 2.25 0.0
0.9989999999999999 2.55 0.0
0.9989999999999999 2.85 0.0
0.9989999999999999 3.15 0.0
0.9989999999999999 3.4499999999999997 0.0
0.9989999999999999 3.75 0.0
0.9989999999999999 4.05 0.0
0.9989999999999999 4.35 0.0
0.9989999999999999 4.6499999999999995 0.0
0.9989999999999999 4.95 0.0
0.9989999999999999 5.25 0.0
0.9989999999999999 5.55 0.0
0.9989999999999999 5.85 0.0
0.9989999999999999 6.1499999999999995 0.0
0.9989999999999999 6.45 0.0
0.9989999999999999 6.75 0.0
0.9989999999999999 7.05 0.0
0.9989999999999999 7.35 0.0
0.9989999999999999 7.6499999999999995 0.0
0.9989999999999999 7.949999999999999 0.0
0.9989999999999999 8.25 0.0
0.9989999999999999 8.549999999999999 0.0
0.9989999999999999 8.85 0.0
0.9989999999999999 9.15 0.0
0.9989999999999999 9.45 0.0
0.9989999999999999 9.75 0.0
0.9989999999999999 10.049999999999999 0.0
0.9989999999999999 10.35 0.0
0.9989999999999999 10.65 0.0
0.9989999999999999 10.95 0.0
0.9989999999999999 11.25 0.0
0.9989999999999999 11.549999999999999 0.0
0.9989999999999999 11.85 0.0
0.9989999999999999 12.15 0.0
0.9989999999999999 12.45 0.0
0.9989999999999999 12.75 0.0
0.9989999999999999 13.049999999999999 0.0
0.9989999999999999 13.35 0.0
0.9989999999999999 13.65 0.0
0.9989999999999999 13.95 0.0
0.9989999999999999 14.25 0.0
0.9989999999999999 14.549999999999999 0.0
0.9989999999999999 14.85 0.0

1.037 0.15 4.0
1.037 0.44999999999999996 0.0
1.037 0.75 0.0
1.037 1.05 0.0
1.037 1.3499999999999999 0.0
1.037 1.65 0.0
1.037 1.95 0.0
1.037 2.25 0.0
1.037 2.55 0.0
1.037 2.85 0.0
1.037 3.15 0.0
1.037 3.4499999999999997 0.0
1.037 3.75 0.0
1.037 4.05 0.0
1.037 4.35 0.0
1.037 4.6499999999999995 0.0
1.037 4.95 0.0
1.037 5.25 0.0
1.037 5.55 0.0
1.037 5.85 0.0
1.037 6.1499999999999995 0.0
1.037 6.45 0.0
1.037 6.75 0.0
1.037 7.05 0.0
1.037 7.35 0.0
1.037 7.6499999999999995 0.0
1.037 7.949999999999999 0.0
1.037 8.25 0.0
1.037 8.549999999999999 0.0
1.037 8.85 0.0
1.037 9.15 0.0
1.037 9.45 0.0
1.037 9.75 0.0
1.037 10.049999999999999 0.0
1.037 10.35 0.0
1.037 10.65 0.0
1.037 10.95 0.0
1.037 11.25 0.0
1.037 11.549999999999999 0.0
1.037 11.85 0.0
1.037 12.15 0.0
1.037 12.45 0.0
1.037 12.75 0.0
1.037 13.049999999999999 0.0
1.037 13.35 0.0
1.037 13.65 0.0
1.037 13.95 0.0
1.037 14.25 0.0
1.037 14.549999999999999 0.0
1.037 14.85 0.0

1.075 0.15 11.0
1.075 0.44999999999999996 0.0
1.075 0.75 0.0
1.075 1.05 0.0
1.075 1.3499999999999999 0.0
1.075 1.65 0.0
1.075 1.95 0.0
1.075 2.25 0.0
1.075 2.55 0.0
1.075 2.85 0.0
1.075 3.15 0.0
1.075 3.4499999999999997 0.0
1.075 3.75 0.0
1.075 4.05 0.0
1.075 4.35 0.0
1.075 4.6499999999999995 0.0
1.075 4.95 0.0
1.075 5.25 0.0
1.075 5.55 0.0
1.075 5.85 0.0
1.075 6.1499999999999995 0.0
1.075 6.45 0.0
1.075 6.75 0.0
1.075 7.05 0.0
1.075 7.35 0.0
1.075 7.6499999999999995 0.0
1.075 7.949999999999999 0.0
1.075 8.25 0.0
1.075 8.549999999999999 0.0
1.075 8.85 0.0
1.075 9.15 0.0
1.075 9.45 0.0
1.075 9.75 0.0
1.075 10.049999999999999 0.0
1.075 10.35 0.0
1.075 10.65 0.0
1.075 10.95 0.0
1.075 11.25 0.0
1.075 11.549999999999999 0.0
1.075 11.85 0.0
1.075 12.15 0.0
1.075 12.45 0.0
1.075 12.75 0.0
1.075 13.049999999999999 0.0
1.075 13.35 0.0
1.075 13.65 0.0
1.075 13.95 0.0
1.075 14.25 0.0
1.075 14.549999999999999 0.0
1.075 14.85 0.0

1.113 0.15 11.0
1.113 0.44999999999999996 0.0
1.113 0.75 0.0
1.113 1.05 0.0
1.113 1.3499999999999999 0.0
1.113 1.65 0.0
1.113 1.95 0.0
1.113 2.25 0.0
1.113 2.55 0.0
1.113 2.85 0.0
1.113 3.15 0.0
1.113 3.4499999999999997 0.0
1.113 3.75 0.0
1.113 4.05 0.0
1.113 4.35 0.0
1.113 4.6499999999999995 0.0
1.113 4.95 0.0
1.113 5.25 0.0
1.113 5.55 0.0
1.113 5.85 0.0
1.113 6.1499999999999995 0.0
1.113 6.45 0.0
1.113 6.75 0.0
1.113 7.05 0.0
1.113 7.35 0.0
1.113 7.6499999999999995 0.0
1.113 7.949999999999999 0.0
1.113 8.25 0.0
1.113 8.549999999999999 0.0
1.113 8.85 0.0
1.113 9.15 0.0
1.113 9.45 0.0
1.113 9.75 0.0
1.113 10.049999999999999 0.0
1.113 10.35 0.0
1.113 10.65 0.0
1.113 10.95 0.0
1.113 11.25 0.0
1.113 11.549999999999999 0.0
1.113 11.85 0.0
1.113 12.15 0.0
1.113 12.45 0.0
1.113 12.75 0.0
1.113 13.049999999999999 0.0
1.113 13.35 0.0
1.113 13.65 0.0
1.113 13.95 0.0
1.113 14.25 0.0
1.113 14.549999999999999 0.0
1.113 14.85 0.0

1.1509999999999998 0.15 13.0
1.1509999999999998 0.44999999999999996 0.0
1.1509999999999998 0.75 0.0
1.1509999999999998 1.05 0.0
1.1509999999999998 1.3499999999999999 0.0
1.1509999999999998 1.65 0.0
1.1509999999999998 1.95 0.0
1.1509999999999998 2.25 0.0
1.1509999999999998 2.55 0.0
1.1509999999999998 2.85 0.0
1.1509999999999998 3.15 0.0
1.1509999999999998 3.4499999999999997 0.0
1.1509999999999998 3.75 0.0
1.1509999999999998 4.05 0.0
1.1509999999999998 4.35 0.0
1.1509999999999998 4.6499999999999995 0.0
1.1509999999999998 4.95 0.0
1.1509999999999998 5.25 0.0
1.1509999999999998 5.55 0.0
1.1509999999999998 5.85 0.0
1.1509999999999998 6.1499999999999995 0.0
1.1509999999999998 6.45 0.0
1.1509999999999998 6.75 0.0
1.1509999999999998 7.05 0.0
1.1509999999999998 7.35 0.0
1.1509999999999998 7.6499999999999995 0.0
1.1509999999999998 7.949999999999999 0.0
1.1509999999999998 8.25 0.0
1.1509999999999998 8.549999999999999 0.0
1.1509999999999998 8.85 0.0
1.1509999999999998 9.15 0.0
1.1509999999999998 9.45 0.0
1.1509999999999998 9.75 0.0
1.1509999999999998 10.049999999999999 0.0
1.1509999999999998 10.35 0.0
1.1509999999999998 10.65 0.0
1.1509999999999998 10.95 0.0
1.1509999999999998 11.25 0.0
1.1509999999999998 11.549999999999999 0.0
1.1509999999999998 11.85 0.0
1.1509999999999998 12.15 0.0
1.1509999999999998 12.45 0.0
1.1509999999999998 12.75 0.0
1.1509999999999998 13.049999999999999 0.0
1.1509999999999998 13.35 0.0
1.1509999999999998 13.65 0.0
1.1509999999999998 13.95 0.0
1.1509999999999998 14.25 0.0
1.1509999999999998 14.549999999999999 0.0
1.1509999999999998 14.85 0.0

1.189 0.15 14.0
1.189 0.44999999999999996 0.0
1.189 0.75 0.0
1.189 1.05 0.0
1.189 1.3499999999999999 0.0
1.189 1.65 0.0
1.189 1.95 0.0
1.189 2.25 0.0
1.189 2.55 0.0
1.189 2.85 0.0
1.189 3.15 0.0
1.189 3.4499999999999997 0.0
1.189 3.75 0.0
1.189 4.05 0.0
1.189 4.35 0.0
1.189 4.6499999999999995 0.0
1.189 4.95 0.0
1.189 5.25 0.0
1.189 5.55 0.0
1.189 5.85 0.0
1.189 6.1499999999999995 0.0
1.189 6.45 0.0
1.189 6.75 0.0
1.189 7.05 0.0
1.189 7.35 0.0
1.189 7.6499999999999995 0.0
1.189 7.949999999999999 0.0
1.189 8.25 0.0
1.189 8.549999999999999 0.0
1.189 8.85 0.0
1.189 9.15 0.0
1.189 9.45 0.0
1.189 9.75 0.0
1.189 10.049999999999999 0.0
1.189 10.35 0.0
1.189 10.65 0.0
1.189 10.95 0.0
1.189 11.25 0.0
1.189 11.549999999999999 0.0
1.189 11.85 0.0
1.189 12.15 0.0
1.189 12.45 0.0
1.189 12.75 0.0
1.189 13.049999999999999 0.0
1.189 13.35 0.0
1.189 13.65 0.0
1.189 13.95 0.0
1.189 14.25 0.0
1.189 14.549999999999999 0.0
1.189 14.85 0.0

1.2269999999999999 0.15 16.0
1.2269999999999999 0.44999999999999996 0.0
1.2269999999999999 0.75 0.0
1.2269999999999999 1.05 0.0
1.2269999999999999 1.3499999999999999 0.0
1.2269999999999999 1.65 0.0
1.2269999999999999 1.95 0.0
1.2269999999999999 2.25 0.0
1.2269999999999999 2.55 0.0
1.2269999999999999 2.85 0.0
1.2269999999999999 3.15 0.0
1.2269999999999999 3.4499999999999997 0.0
1.2269999999999999 3.75 0.0
1.2269999999999999 4.05 0.0
1.2269999999999999 4.35 0.0
1.2269999999999999 4.6499999999999995 0.0
1.2269999999999999 4.95 0.0
1.2269999999999999 5.25 0.0
1.2269999999999999 5.55 0.0
1.2269999999999999 5.85 0.0
1.2269999999999999 6.1499999999999995 0.0
1.2269999999999999 6.45 0.0
1.2269999999999999 6.75 0.0
1.2269999999999999 7.05 0.0
1.2269999999999999 7.35 0.0
1.2269999999999999 7.6499999999999995 0.0
1.2269999999999999 7.949999999999999 0.0
1.2269999999999999 8.25 0.0
1.2269999999999999 8.549999999999999 0.0
1.2269999999999999 8.85 0.0
1.2269999999999999 9.15 0.0
1.2269999999999999 9.45 0.0
1.2269999999999999 9.75 0.0
1.2269999999999999 10.049999999999999 0.0
1.2269999999999999 10.35 0.0
1.2269999999999999 10.65 0.0
1.2269999999999999 10.95 0.0
1.2269999999999999 11.25 0.0
1.2269999999999999 11.549999999999999 0.0
1.2269999999999999 11.85 0.0
1.2269999999999999 12.15 0.0
1.2269999999999999 12.45 0.0
1.2269999999999999 12.75 0.0
1.2269999999999999 13.049999999999999 0.0
1.2269999999999999 13.35 0.0
1.2269999999999999 13.65 0.0
1.2269999999999999 13.95 0.0
1.2269999999999999 14.25 0.0
1.2269999999999999 14.549999999999999 0.0
1.2269999999999999 14.85 0.0

1.2650000000000001 0.15 11.0
1.2650000000000001 0.44999999999999996 0.0
1.2650000000000001 0.75 0.0
1.2650000000000001 1.05 0.0
1.2650000000000001 1.3499999999999999 0.0
1.2650000000000001 1.65 0.0
1.2650000000000001 1.95 0.0
1.2650000000000001 2.25 0.0
1.2650000000000001 2.55 0.0
1.2650000000000001 2.85 0.0
1.2650000000000001 3.15 0.0
1.2650000000000001 3.4499999999999997 0.0
1.2650000000000001 3.75 0.0
1.2650000000000001 4.05 0.0
1.2650000000000001 4.35 0.0
1.2650000000000001 4.6499999999999995 0.0
1.2650000000000001 4.95 0.0
1.2650000000000001 5.25 0.0
1.2650000000000001 5.55 0.0
1.2650000000000001 5.85 0.0
1.2650000000000001 6.1499999999999995 0.0
1.2650000000000001 6.45 0.0
1.2650000000000001 6.75 0.0
1.2650000000000001 7.05 0.0
1.2650000000000001 7.35 0.0
1.2650000000000001 7.6499999999999995 0.0
1.2650000000000001 7.949999999999999 0.0
1.2650000000000001 8.25 0.0
1.2650000000000001 8.549999999999999 0.0
1.2650000000000001 8.85 0.0
1.2650000000000001 9.15 0.0
1.2650000000000001 9.45 0.0
1.2650000000000001 9.75 0.0
1.2650000000000001 10.049999999999999 0.0
1.2650000000000001 10.35 0.0
1.2650000000000001 10.65 0.0
1.2650000000000001 10.95 0.0
1.2650000000000001 11.25 0.0
1.2650000000000001 11.549999999999999 0.0
1.2650000000000001 11.85 0.0
1.2650000000000001 12.15 0.0
1.2650000000000001 12.45 0.0
1.2650000000000001 12.75 0.0
1.2650000000000001 13.049999999999999 0.0
1.2650000000000001 13.35 0.0
1.2650000000000001 13.65 0.0
1.2650000000000001 13.95 0.0
1.2650000000000001 14.25 0.0
1.2650000000000001 14.549999999999999 0.0
1.2650000000000001 14.85 0.0

1.303 0.15 9.0
1.303 0.44999999999999996 0.0
1.303 0.75 0.0
1.303 1.05 0.0
1.303 1.3499999999999999 0.0
1.303 1.65 0.0
1.303 1.95 0.0
1.303 2.25 0.0
1.303 2.55 0.0
1.303 2.85 0.0
1.303 3.15 0.0
1.303 3.4499999999999997 0.0
1.303 3.75 0.0
1.303 4.05 0.0
1.303 4.35 0.0
1.303 4.6499999999999995 0.0
1.303 4.95 0.0
1.303 5.25 0.0
1.303 5.55 0.0
1.303 5.85 0.0
1.303 6.1499999999999995 0.0
1.303 6.45 0.0
1.303 6.75 0.0
1.303 7.05 0.0
1.303 7.35 0.0
1.303 7.6499999999999995 0.0
1.303 7.949999999999999 0.0
1.303 8.25 0.0
1.303 8.549999999999999 0.0
1.303 8.85 0.0
1.303 9.15 0.0
1.303 9.45 0.0
1.303 9.75 0.0
1.303 10.049999999999999 0.0
1.303 10.35 0.0
1.303 10.65 0.0
1.303 10.95 0.0
1.303 11.25 0.0
1.303 11.549999999999999 0.0
1.303 11.85 0.0
1.303 12.15 0.0
1.303 12.45 0.0
1.303 12.75 0.0
1.303 13.049999999999999 0.0
1.303 13.35 0.0
1.303 13.65 0.0
1.303 13.95 0.0
1.303 14.25 0.0
1.303 14.549999999999999 0.0
1.303 14.85 0.0

1.341 0.15 7.0
1.341 0.44999999999999996 0.0
1.341 0.75 0.0
1.341 1.05 0.0
1.341 1.3499999999999999 0.0
1.341 1.65 0.0
1.341 1.95 0.0
1.341 2.25 0.0
1.341 2.55 0.0
1.341 2.85 0.0
1.341 3.15 0.0
1.341 3.4499999999999997 0.0
1.341 3.75 0.0
1.341 4.05 0.0
1.341 4.35 0.0
1.341 4.6499999999999995 0.0
1.341 4.95 0.0
1.341 5.25 0.0
1.341 5.55 0.0
1.341 5.85 0.0
1.341 6.1499999999999995 0.0
1.341 6.45 0.0
1.341 6.75 0.0
1.341 7.05 0.0
1.341 7.35 0.0
1.341 7.6499999999999995 0.0
1.341 7.949999999999999 0.0
1.341 8.25 0.0
1.341 8.549999999999999 0.0
1.341 8.85 0.0
1.341 9.15 0.0
1.341 9.45 0.0
1.341 9.75 0.0
1.341 10.049999999999999 0.0
1.341 10.35 0.0
1.341 10.65 0.0
1.341 10.95 0.0
1.341 11.25 0.0
1.341 11.549999999999999 0.0
1.341 11.85 0.0
1.341 12.15 0.0
1.341 12.45 0.0
1.341 12.75 0.0
1.341 13.049999999999999 0.0
1.341 13.35 0.0
1.341 13.65 0.0
1.341 13.95 0.0
1.341 14.25 0.0
1.341 14.549999999999999 0.0
1.341 14.85 0.0

1.379 0.15 5.0
1.379 0.44999999999999996 0.0
1.379 0.75 0.0
1.379 1.05 0.0
1.379 1.3499999999999999 0.0
1.379 1.65 0.0
1.379 1.95 0.0
1.379 2.25 0.0
1.379 2.55 0.0
1.379 2.85 0.0
1.379 3.15 0.0
1.379 3.4499999999999997 0.0
1.379 3.75 0.0
1.379 4.05 0.0
1.379 4.35 0.0
1.379 4.6499999999999995 0.0
1.379 4.95 0.0
1.379 5.25 0.0
1.379 5.55 0.0
1.379 5.85 0.0
1.379 6.1499999999999995 0.0
1.379 6.45 0.0
1.379 6.75 0.0
1.379 7.05 0.0
1.379 7.35 0.0
1.379 7.6499999999999995 0.0
1.379 7.949999999999999 0.0
1.379 8.25 0.0
1.379 8.549999999999999 0.0
1.379 8.85 0.0
1.379 9.15 0.0
1.379 9.45 0.0
1.379 9.75 0.0
1.379 10.049999999999999 0.0
1.379 10.35 0.0
1.379 10.65 0.0
1.379 10.95 0.0
1.379 11.25 0.0
1.379 11.549999999999999 0.0
1.379 11.85 0.0
1.379 12.15 0.0
1.379 12.45 0.0
1.379 12.75 0.0
1.379 13.049999999999999 0.0
1.379 13.35 0.0
1.379 13.65 0.0
1.379 13.95 0.0
1.379 14.25 0.0
1.379 14.549999999999999 0.0
1.379 14.85 0.0

1.4169999999999998 0.15 1.0
1.4169999999999998 0.44999999999999996 0.0
1.4169999999999998 0.75 0.0
1.4169999999999998 1.05 0.0
1.4169999999999998 1.3499999999999999 0.0
1.4169999999999998 1.65 0.0
1.4169999999999998 1.95 0.0
1.4169999999999998 2.25 0.0
1.4169999999999998 2.55 0.0
1.4169999999999998 2.85 0.0
1.4169999999999998 3.15 0.0
1.4169999999999998 3.4499999999999997 0.0
1.4169999999999998 3.75 0.0
1.4169999999999998 4.05 0.0
1.4169999999999998 4.35 0.0
1.4169999999999998 4.6499999999999995 0.0
1.4169999999999998 4.95 0.0
1.4169999999999998 5.25 0.0
1.4169999999999998 5.55 0.0
1.4169999999999998 5.85 0.0
1.4169999999999998 6.1499999999999995 0.0
1.4169999999999998 6.45 0.0
1.4169999999999998 6.75 0.0
1.4169999999999998 7.05 0.0
1.4169999999999998 7.35 0.0
1.4169999999999998 7.6499999999999995 0.0
1.4169999999999998 7.949999999999999 0.0
1.4169999999999998 8.25 0.0
1.4169999999999998 8.549999999999999 0.0
1.4169999999999998 8.85 0.0
1.4169999999999998 9.15 0.0
1.4169999999999998 9.45 0.0
1.4169999999999998 9.75 0.0
1.4169999999999998 10.049999999999999 0.0
1.4169999999999998 10.35 0.0
1.4169999999999998 10.65 0.0
1.4169999999999998 10.95 0.0
1.4169999999999998 11.25 0.0
1.4169999999999998 11.549999999999999 0.0
1.4169999999999998 11.85 0.0
1.4169999999999998 12.15 0.0
1.4169999999999998 12.45 0.0
1.4169999999999998 12.75 0.0
1.4169999999999998 13.049999999999999 0.0
1.4169999999999998 13.35 0.0
1.4169999999999998 13.65 0.0
1.4169999999999998 13.95 0.0
1.4169999999999998 14.25 0.0
1.4169999999999998 14.549999999999999 0.0
1.4169999999999998 14.85 0.0

1.455 0.15 2.0
1.455 0.44999999999999996 0.0
1.455 0.75 0.0
1.455 1.05 0.0
1.455 1.3499999999999999 0.0
1.455 1.65 0.0
1.455 1.95 0.0
1.455 2.25 0.0
1.455 2.55 0.0
1.455 2.85 0.0
1.455 3.15 0.0
1.455 3.4499999999999997 0.0
1.455 3.75 0.0
1.455 4.05 0.0
1.455 4.35 0.0
1.455 4.6499999999999995 0.0
1.455 4.95 0.0
1.455 5.25 0.0
1.455 5.55 0.0
1.455 5.85 0.0
1.455 6.1499999999999995 0.0
1.455 6.45 0.0
1.455 6.75 0.0
1.455 7.05 0.0
1.455 7.35 0.0
1.455 7.6499999999999995 0.0
1.455 7.949999999999999 0.0
1.455 8.25 0.0
1.455 8.549999999999999 0.0
1.455 8.85 0.0
1.455 9.15 0.0
1.455 9.45 0.0
1.455 9.75 0.0
1.455 10.049999999999999 0.0
1.455 10.35 0.0
1.455 10.65 0.0
1.455 10.95 0.0
1.455 11.25 0.0
1.455 11.549999999999999 0.0
1.455 11.85 0.0
1.455 12.15 0.0
1.455 12.45 0.0
1.455 12.75 0.0
1.455 13.049999999999999 0.0
1.455 13.35 0.0
1.455 13.65 0.0
1.455 13.95 0.0
1.455 14.25 0.0
1.455 14.549999999999999 0.0
1.455 14.85 0.0

1.4929999999999999 0.15 0.0
1.4929999999999999 0.44999999999999996 0.0
1.4929999999999999 0.75 0.0
1.4929999999999999 1.05 0.0
1.4929999999999999 1.3499999999999999 0.0
1.4929999999999999 1.65 0.0
1.4929999999999999 1.95 0.0
1.4929999999999999 2.25 0.0
1.4929999999999999 2.55 0.0
1.4929999999999999 2.85 0.0
1.4929999999999999 3.15 0.0
1.4929999999999999 3.4499999999999997 0.0
1.4929999999999999 3.75 0.0
1.4929999999999999 4.05 0.0
1.4929999999999999 4.35 0.0
1.4929999999999999 4.6499999999999995 0.0
1.4929999999999999 4.95 0.0
1.4929999999999999 5.25 0.0
1.4929999999999999 5.55 0.0
1.4929999999999999 5.85 0.0
1.4929999999999999 6.1499999999999995 0.0
1.4929999999999999 6.45 0.0
1.4929999999999999 6.75 0.0
1.4929999999999999 7.05 0.0
1.4929999999999999 7.35 0.0
1.4929999999999999 7.6499999999999995 0.0
1.4929999999999999 7.949999999999999 0.0
1.4929999999999999 8.25 0.0
1.4929999999999999 8.549999999999999 0.0
1.4929999999999999 8.85 0.0
1.4929999999999999 9.15 0.0
1.4929999999999999 9.45 0.0
1.4929999999999999 9.75 0.0
1.4929999999999999 10.049999999999999 0.0
1.4929999999999999 10.35 0.0
1.4929999999999999 10.65 0.0
1.4929999999999999 10.95 0.0
1.4929999999999999 11.25 0.0
1.4929999999999999 11.549999999999999 0.0
1.4929999999999999 11.85 0.0
1.4929999999999999 12.15 0.0
1.4929999999999999 12.45 0.0
1.4929999999999999 12.75 0.0
1.4929999999999999 13.049999999999999 0.0
1.4929999999999999 13.35 0.0
1.4929999999999999 13.65 0.0
1.4929999999999999 13.95 0.0
1.4929999999999999 14.25 0.0
1.4929999999999999 14.549999999999999 0.0
1.4929999999999999 14.85 0.0

1.531 0.15 2.0
1.531 0.44999999999999996 0.0
1.531 0.75 0.0
1.531 1.05 0.0
1.531 1.3499999999999999 0.0
1.531 1.65 0.0
1.531 1.95 0.0
1.531 2.25 0.0
1.531 2.55 0.0
1.531 2.85 0.0
1.531 3.15 0.0
1.531 3.4499999999999997 0.0
1.531 3.75 0.0
1.531 4.05 0.0
1.531 4.35 0.0
1.531 4.6499999999999995 0.0
1.531 4.95 0.0
1.531 5.25 0.0
1.531 5.55 0.0
1.531 5.85 0.0
1.531 6.1499999999999995 0.0
1.531 6.45 0.0
1.531 6.75 0.0
1.531 7.05 0.0
1.531 7.35 0.0
1.531 7.6499999999999995 0.0
1.531 7.949999999999999 0.0
1.531 8.25 0.0
1.531 8.549999999999999 0.0
1.531 8.85 0.0
1.531 9.15 0.0
1.531 9.45 0.0
1.531 9.75 0.0
1.531 10.049999999999999 0.0
1.531 10.35 0.0
1.531 10.65 0.0
1.531 10.95 0.0
1.531 11.25 0.0
1.531 11.549999999999999 0.0
1.531 11.85 0.0
1.531 12.15 0.0
1.531 12.45 0.0
1.531 12.75 0.0
1.531 13.049999999999999 0.0
1.531 13.35 0.0
1.531 13.65 0.0
1.531 13.95 0.0
1.531 14.25 0.0
1.531 14.549999999999999 0.0
1.531 14.85 0.0

1.569 0.15 1.0
1.569 0.44999999999999996 0.0
1.569 0.75 0.0
1.569 1.05 0.0
1.569 1.3499999999999999 0.0
1.569 1.65 0.0
1.569 1.95 0.0
1.569 2.25 0.0
1.569 2.55 0.0
1.569 2.85 0.0
1.569 3.15 0.0
1.569 3.4499999999999997 0.0
1.569 3.75 0.0
1.569 4.05 0.0
1.569 4.35 0.0
1.569 4.6499999999999995 0.0
1.569 4.95 0.0
1.569 5.25 0.0
1.569 5.55 0.0
1.569 5.85 0.0
1.569 6.1499999999999995 0.0
1.569 6.45 0.0
1.569 6.75 0.0
1.569 7.05 0.0
1.569 7.35 0.0
1.569 7.6499999999999995 0.0
1.569 7.949999999999999 0.0
1.569 8.25 0.0
1.569 8.549999999999999 0.0
1.569 8.85 0.0
1.569 9.15 0.0
1.569 9.45 0.0
1.569 9.75 0.0
1.569 10.049999999999999 0.0
1.569 10.35 0.0
1.569 10.65 0.0
1.569 10.95 0.0
1.569 11.25 0.0
1.569 11.549999999999999 0.0
1.569 11.85 0.0
1.569 12.15 0.0
1.569 12.45 0.0
1.569 12.75 0.0
1.569 13.049999999999999 0.0
1.569 13.35 0.0
1.569 13.65 0.0
1.569 13.95 0.0
1.569 14.25 0.0
1.569 14.549999999999999 0.0
1.569 14.85 0.0

1.6069999999999998 0.15 0.0
1.6069999999999998 0.44999999999999996 0.0
1.6069999999999998 0.75 0.0
1.6069999999999998 1.05 0.0
1.6069999999999998 1.3499999999999999 0.0
1.6069999999999998 1.65 0.0
1.6069999999999998 1.95 0.0
1.6069999999999998 2.25 0.0
1.6069999999999998 2.55 0.0
1.6069999999999998 2.85 0.0
1.6069999999999998 3.15 0.0
1.6069999999999998 3.4499999999999997 0.0
1.6069999999999998 3.75 0.0
1.6069999999999998 4.05 0.0
1.6069999999999998 4.35 0.0
1.6069999999999998 4.6499999999999995 0.0
1.6069999999999998 4.95 0.0
1.6069999999999998 5.25 0.0
1.6069999999999998 5.55 0.0
1.6069999999999998 5.85 0.0
1.6069999999999998 6.1499999999999995 0.0
1.6069999999999998 6.45 0.0
1.6069999999999998 6.75 0.0
1.6069999999999998 7.05 0.0
1.6069999999999998 7.35 0.0
1.6069999999999998 7.6499999999999995 0.0
1.6069999999999998 7.949999999999999 0.0
1.6069999999999998 8.25 0.0
1.6069999999999998 8.549999999999999 0.0
1.6069999999999998 8.85 0.0
1.6069999999999998 9.15 0.0
1.6069999999999998 9.45 0.0
1.6069999999999998 9.75 0.0
1.6069999999999998 10.049999999999999 0.0
1.6069999999999998 10.35 0.0
1.6069999999999998 10.65 0.0
1.6069999999999998 10.95 0.0
1.6069999999999998 11.25 0.0
1.6069999999999998 11.549999999999999 0.0
1.6069999999999998 11.85 0.0
1.6069999999999998 12.15 0.0
1.6069999999999998 12.45 0.0
1.6069999999999998 12.75 0.0
1.6069999999999998 13.049999999999999 0.0
1.6069999999999998 13.35 0.0
1.6069999999999998 13.65 0.0
1.6069999999999998 13.95 0.0
1.6069999999999998 14.25 0.0
1.6069999999999998 14.549999999999999 0.0
1.6069999999999998 14.85 0.0

1.645 0.15 0.0
1.645 0.44999999999999996 0.0
1.645 0.75 0.0
1.645 1.05 0.0
1.645 1.3499999999999999 0.0
1.645 1.65 0.0
1.645 1.95 0.0
1.645 2.25 0.0
1.645 2.55 0.0
1.645 2.85 0.0
1.645 3.15 0.0
1.645 3.4499999999999997 0.0
1.645 3.75 0.0
1.645 4.05 0.0
1.645 4.35 0.0
1.645 4.6499999999999995 0.0
1.645 4.95 0.0
1.645 5.25 0.0
1.645 5.55 0.0
1.645 5.85 0.0
1.645 6.1499999999999995 0.0
1.645 6.45 0.0
1.645 6.75 0.0
1.645 7.05 0.0
1.645 7.35 0.0
1.645 7.6499999999999995 0.0
1.645 7.949999999999999 0.0
1.645 8.25 0.0
1.645 8.549999999999999 0.0
1.645 8.85 0.0
1.645 9.15 0.0
1.645 9.45 0.0
1.645 9.75 0.0
1.645 10.049999999999999 0.0
1.645 10.35 0.0
1.645 10.65 0.0
1.645 10.95 0.0
1.645 11.25 0.0
1.645 11.549999999999999 0.0
1.645 11.85 0.0
1.645 12.15 0.0
1.645 12.45 0.0
1.645 12.75 0.0
1.645 13.049999999999999 0.0
1.645 13.35 0.0
1.645 13.65 0.0
1.645 13.95 0.0
1.645 14.25 0.0
1.645 14.549999999999999 0.0
1.645 14.85 0.0

1.6829999999999998 0.15 0.0
1.6829999999999998 0.44999999999999996 0.0
1.6829999999999998 0.75 0.0
1.6829999999999998 1.05 0.0
1.6829999999999998 1.3499999999999999 0.0
1.6829999999999998 1.65 0.0
1.6829999999999998 1.95 0.0
1.6829999999999998 2.25 0.0
1.6829999999999998 2.55 0.0
1.6829999999999998 2.85 0.0
1.6829999999999998 3.15 0.0
1.6829999999999998 3.4499999999999997 0.0
1.6829999999999998 3.75 0.0
1.6829999999999998 4.05 0.0
1.6829999999999998 4.35 0.0
1.6829999999999998 4.6499999999999995 0.0
1.6829999999999998 4.95 0.0
1.6829999999999998 5.25 0.0
1.6829999999999998 5.55 0.0
1.6829999999999998 5.85 0.0
1.6829999999999998 6.1499999999999995 0.0
1.6829999999999998 6.45 0.0
1.6829999999999998 6.75 0.0
1.6829999999999998 7.05 0.0
1.6829999999999998 7.35 0.0
1.6829999999999998 7.6499999999999995 0.0
1.6829999999999998 7.949999999999999 0.0
1.6829999999999998 8.25 0.0
1.6829999999999998 8.549999999999999 0.0
1.6829999999999998 8.85 0.0
1.6829999999999998 9.15 0.0
1.6829999999999998 9.45 0.0
1.6829999999999998 9.75 0.0
1.6829999999999998 10.049999999999999 0.0
1.6829999999999998 10.35 0.0
1.6829999999999998 10.65 0.0
1.6829999999999998 10.95 0.0
1.6829999999999998 11.25 0.0
1.6829999999999998 11.549999999999999 0.0
1.6829999999999998 11.85 0.0
1.6829999999999998 12.15 0.0
1.6829999999999998 12.45 0.0
1.6829999999999998 12.75 0.0
1.6829999999999998 13.049999999999999 0.0
1.6829999999999998 13.35 0.0
1.6829999999999998 13.65 0.0
1.6829999999999998 13.95 0.0
1.6829999999999998 14.25 0.0
1.6829999999999998 14.549999999999999 0.0
1.6829999999999998 14.85 0.0

1.721 0.15 0.0
1.721 0.44999999999999996 0.0
1.721 0.75 0.0
1.721 1.05 0.0
1.721 1.3499999999999999 0.0
1.721 1.65 0.0
1.721 1.95 0.0
1.721 2.25 0.0
1.721 2.55 0.0
1.721 2.85 0.0
1.721 3.15 0.0
1.721 3.4499999999999997 0.0
1.721 3.75 0.0
1.721 4.05 0.0
1.721 4.35 0.0
1.721 4.6499999999999995 0.0
1.721 4.95 0.0
1.721 5.25 0.0
1.721 5.55 0.0
1.721 5.85 0.0
1.721 6.1499999999999995 0.0
1.721 6.45 0.0
1.721 6.75 0.0
1.721 7.05 0.0
1.721 7.35 0.0
1.721 7.6499999999999995 0.0
1.721 7.949999999999999 0.0
1.721 8.25 0.0
1.721 8.549999999999999 0.0
1.721 8.85 0.0
1.721 9.15 0.0
1.721 9.45 0.0
1.721 9.75 0.0
1.721 10.049999999999999 0.0
1.721 10.35 0.0
1.721 10.65 0.0
1.721 10.95 0.0
1.721 11.25 0.0
1.721 11.549999999999999 0.0
1.721 11.85 0.0
1.721 12.15 0.0
1.721 12.45 0.0
1.721 12.75 0.0
1.721 13.049999999999999 0.0
1.721 13.35 0.0
1.721 13.65 0.0
1.721 13.95 0.0
1.721 14.25 0.0
1.721 14.549999999999999 0.0
1.721 14.85 0.0

1.759 0.15 0.0
1.759 0.44999999999999996 0.0
1.759 0.75 0.0
1.759 1.05 0.0
1.759 1.3499999999999999 0.0
1.759 1.65 0.0
1.759 1.95 0.0
1.759 2.25 0.0
1.759 2.55 0.0
1.759 2.85 0.0
1.759 3.15 0.0
1.759 3.4499999999999997 0.0
1.759 3.75 0.0
1.759 4.05 0.0
1.759 4.35 0.0
1.759 4.6499999999999995 0.0
1.759 4.95 0.0
1.759 5.25 0.0
1.759 5.55 0.0
1.759 5.85 0.0
1.759 6.1499999999999995 0.0
1.759 6.45 0.0
1.759 6.75 0.0
1.759 7.05 0.0
1.759 7.35 0.0
1.759 7.6499999999999995 0.0
1.759 7.949999999999999 0.0
1.759 8.25 0.0
1.759 8.549999999999999 0.0
1.759 8.85 0.0
1.759 9.15 0.0
1.759 9.45 0.0
1.759 9.75 0.0
1.759 10.049999999999999 0.0
1.759 10.35 0.0
1.759 10.65 0.0
1.759 10.95 0.0
1.759 11.25 0.0
1.759 11.549999999999999 0.0
1.759 11.85 0.0
1.759 12.15 0.0
1.759 12.45 0.0
1.759 12.75 0.0
1.759 13.049999999999999 0.0
1.759 13.35 0.0
1.759 13.65 0.0
1.759 13.95 0.0
1.759 14.25 0.0
1.759 14.549999999999999 0.0
1.759 14.85 0.0

1.7970000000000002 0.15 0.0
1.7970000000000002 0.44999999999999996 0.0
1.7970000000000002 0.75 0.0
1.7970000000000002 1.05 0.0
1.7970000000000002 1.3499999999999999 0.0
1.7970000000000002 1.65 0.0
1.7970000000000002 1.95 0.0
1.7970000000000002 2.25 0.0
1.7970000000000002 2.55 0.0
1.7970000000000002 2.85 0.0
1.7970000000000002 3.15 0.0
1.7970000000000002 3.4499999999999997 0.0
1.7970000000000002 3.75 0.0
1.7970000000000002 4.05 0.0
1.7970000000000002 4.35 0.0
1.7970000000000002 4.6499999999999995 0.0
1.7970000000000002 4.95 0.0
1.7970000000000002 5.25 0.0
1.7970000000000002 5.55 0.0
1.7970000000000002 5.85 0.0
1.7970000000000002 6.1499999999999995 0.0
1.7970000000000002 6.45 0.0
1.7970000000000002 6.75 0.0
1.7970000000000002 7.05 0.0
1.7970000000000002 7.35 0.0
1.7970000000000002 7.6499999999999995 0.0
1.7970000000000002 7.949999999999999 0.0
1.7970000000000002 8.25 0.0
1.7970000000000002 8.549999999999999 0.0
1.7970000000000002 8.85 0.0
1.7970000000000002 9.15 0.0
1.7970000000000002 9.45 0.0
1.7970000000000002 9.75 0.0
1.7970000000000002 10.049999999999999 0.0
1.7970000000000002 10.35 0.0
1.7970000000000002 10.65 0.0
1.7970000000000002 10.95 0.0
1.7970000000000002 11.25 0.0
1.7970000000000002 11.549999999999999 0.0
1.7970000000000002 11.85 0.0
1.7970000000000002 12.15 0.0
1.7970000000000002 12.45 0.0
1.7970000000000002 12.75 0.0
1.7970000000000002 13.049999999999999 0.0
1.7970000000000002 13.35 0.0
1.7970000000000002 13.65 0.0
1.7970000000000002 13.95 0.0
1.7970000000000002 14.25 0.0
1.7970000000000002 14.549999999999999 0.0
1.7970000000000002 14.85 0.0

1.835 0.15 0.0
1.835 0.44999999999999996 0.0
1.835 0.75 0.0
1.835 1.05 0.0
1.835 1.3499999999999999 0.0
1.835 1.65 0.0
1.835 1.95 0.0
1.835 2.25 0.0
1.835 2.55 0.0
1.835 2.85 0.0
1.835 3.15 0.0
1.835 3.4499999999999997 0.0
1.835 3.75 0.0
1.835 4.05 0.0
1.835 4.35 0.0
1.835 4.6499999999999995 0.0
1.835 4.95 0.0
1.835 5.25 0.0
1.835 5.55 0.0
1.835 5.85 0.0
1.835 6.1499999999999995 0.0
1.835 6.45 0.0
1.835 6.75 0.0
1.835 7.05 0.0
1.835 7.35 0.0
1.835 7.6499999999999995 0.0
1.835 7.949999999999999 0.0
1.835 8.25 0.0
1.835 8.549999999999999 0.0
1.835 8.85 0.0
1.835 9.15 0.0
1.835 9.45 0.0
1.835 9.75 0.0
1.835 10.049999999999999 0.0
1.835 10.35 0.0
1.835 10.65 0.0
1.835 10.95 0.0
1.835 11.25 0.0
1.835 11.549999999999999 0.0
1.835 11.85 0.0
1.835 12.15 0.0
1.835 12.45 0.0
1.835 12.75 0.0
1.835 13.049999999999999 0.0
1.835 13.35 0.0
1.835 13.65 0.0
1.835 13.95 0.0
1.835 14.25 0.0
1.835 14.549999999999999 0.0
1.835 14.85 0.0

1.8729999999999998 0.15 0.0
1.8729999999999998 0.44999999999999996 0.0
1.8729999999999998 0.75 0.0
1.8729999999999998 1.05 0.0
1.8729999999999998 1.3499999999999999 0.0
1.8729999999999998 1.65 0.0
1.8729999999999998 1.95 0.0
1.8729999999999998 2.25 0.0
1.8729999999999998 2.55 0.0
1.8729999999999998 2.85 0.0
1.8729999999999998 3.15 0.0
1.8729999999999998 3.4499999999999997 0.0
1.8729999999999998 3.75 0.0
1.8729999999999998 4.05 0.0
1.8729999999999998 4.35 0.0
1.8729999999999998 4.6499999999999995 0.0
1.8729999999999998 4.95 0.0
1.8729999999999998 5.25 0.0
1.8729999999999998 5.55 0.0
1.8729999999999998 5.85 0.0
1.8729999999999998 6.1499999999999995 0.0
1.8729999999999998 6.45 0.0
1.8729999999999998 6.75 0.0
1.8729999999999998 7.05 0.0
1.8729999999999998 7.35 0.0
1.8729999999999998 7.6499999999999995 0.0
1.8729999999999998 7.949999999999999 0.0
1.8729999999999998 8.25 0.0
1.8729999999999998 8.549999999999999 0.0
1.8729999999999998 8.85 0.0
1.8729999999999998 9.15 0.0
1.8729999999999998 9.45 0.0
1.8729999999999998 9.75 0.0
1.8729999999999998 10.049999999999999 0.0
1.8729999999999998 10.35 0.0
1.8729999999999998 10.65 0.0
1.8729999999999998 10.95 0.0
1.8729999999999998 11.25 0.0
1.8729999999999998 11.549999999999999 0.0
1.8729999999999998 11.85 0.0
1.8729999999999998 12.15 0.0
1.8729999999999998 12.45 0.0
1.8729999999999998 12.75 0.0
1.8729999999999998 13.049999999999999 0.0
1.8729999999999998 13.35 0.0
1.8729999999999998 13.65 0.0
1.8729999999999998 13.95 0.0
1.8729999999999998 14.25 0.0
1.8729999999999998 14.549999999999999 0.0
1.8729999999999998 14.85 0.0

1.911 0.15 0.0
1.911 0.44999999999999996 0.0
1.911 0.75 0.0
1.911 1.05 0.0
1.911 1.3499999999999999 0.0
1.911 1.65 0.0
1.911 1.95 0.0
1.911 2.25 0.0
1.911 2.55 0.0
1.911 2.85 0.0
1.911 3.15 0.0
1.911 3.4499999999999997 0.0
1.911 3.75 0.0
1.911 4.05 0.0
1.911 4.35 0.0
1.911 4.6499999999999995 0.0
1.911 4.95 0.0
1.911 5.25 0.0
1.911 5.55 0.0
1.911 5.85 0.0
1.911 6.1499999999999995 0.0
1.911 6.45 0.0
1.911 6.75 0.0
1.911 7.05 0.0
1.911 7.35 0.0
1.911 7.6499999999999995 0.0
1.911 7.949999999999999 0.0
1.911 8.25 0.0
1.911 8.549999999999999 0.0
1.911 8.85 0.0
1.911 9.15 0.0
1.911 9.45 0.0
1.911 9.75 0.0
1.911 10.049999999999999 0.0
1.911 10.35 0.0
1.911 10.65 0.0
1.911 10.95 0.0
1.911 11.25 0.0
1.911 11.549999999999999 0.0
1.911 11.85 0.0
1.911 12.15 0.0
1.911 12.45 0.0
1.911 12.75 0.0
1.911 13.049999999999999 0.0
1.911 13.35 0.0
1.911 13.65 0.0
1.911 13.95 0.0
1.911 14.25 0.0
1.911 14.549999999999999 0.0
1.911 14.85 0.0

1.9489999999999998 0.15 0.0
1.9489999999999998 0.44999999999999996 0.0
1.9489999999999998 0.75 0.0
1.9489999999999998 1.05 0.0
1.9489999999999998 1.3499999999999999 0.0
1.9489999999999998 1.65 0.0
1.9489999999999998 1.95 0.0
1.9489999999999998 2.25 0.0
1.9489999999999998 2.55 0.0
1.9489999999999998 2.85 0.0
1.9489999999999998 3.15 0.0
1.9489999999999998 3.4499999999999997 0.0
1.9489999999999998 3.75 0.0
1.9489999999999998 4.05 0.0
1.9489999999999998 4.35 0.0
1.9489999999999998 4.6499999999999995 0.0
1.9489999999999998 4.95 0.0
1.9489999999999998 5.25 0.0
1.9489999999999998 5.55 0.0
1.9489999999999998 5.85 0.0
1.9489999999999998 6.1499999999999995 0.0
1.9489999999999998 6.45 0.0
1.9489999999999998 6.75 0.0
1.9489999999999998 7.05 0.0
1.9489999999999998 7.35 0.0
1.9489999999999998 7.6499999999999995 0.0
1.9489999999999998 7.949999999999999 0.0
1.9489999999999998 8.25 0.0
1.9489999999999998 8.549999999999999 0.0
1.9489999999999998 8.85 0.0
1.9489999999999998 9.15 0.0
1.9489999999999998 9.45 0.0
1.9489999999999998 9.75 0.0
1.9489999999999998 10.049999999999999 0.0
1.9489999999999998 10.35 0.0
1.9489999999999998 10.65 0.0
1.9489999999999998 10.95 0.0
1.9489999999999998 11.25 0.0
1.9489999999999998 11.549999999999999 0.0
1.9489999999999998 11.85 0.0
1.9489999999999998 12.15 0.0
1.9489999999999998 12.45 0.0
1.9489999999999998 12.75 0.0
1.9489999999999998 13.049999999999999 0.0
1.9489999999999998 13.35 0.0
1.9489999999999998 13.65 0.0
1.9489999999999998 13.95 0.0
1.9489999999999998 14.25 0.0
1.9489999999999998 14.549999999999999 0.0
1.9489999999999998 14.85 0.0

1.987 0.15 0.0
1.987 0.44999999999999996 0.0
1.987 0.75 0.0
1.987 1.05 0.0
1.987 1.3499999999999999 0.0
1.987 1.65 0.0
1.987 1.95 0.0
1.987 2.25 0.0
1.987 2.55 0.0
1.987 2.85 0.0
1.987 3.15 0.0
1.987 3.4499999999999997 0.0
1.987 3.75 0.0
1.987 4.05 0.0
1.987 4.35 0.0
1.987 4.6499999999999995 0.0
1.987 4.95 0.0
1.987 5.25 0.0
1.987 5.55 0.0
1.987 5.85 0.0
1.987 6.1499999999999995 0.0
1.987 6.45 0.0
1.987 6.75 0.0
1.987 7.05 0.0
1.987 7.35 0.0
1.987 7.6499999999999995 0.0
1.987 7.949999999999999 0.0
1.987 8.25 0.0
1.987 8.549999999999999 0.0
1.987 8.85 0.0
1.987 9.15 0.0
1.987 9.45 0.0
1.987 9.75 0.0
1.987 10.049999999999999 0.0
1.987 10.35 0.0
1.987 10.65 0.0
1.987 10.95 0.0
1.987 11.25 0.0
1.987 11.549999999999999 0.0
1.987 11.85 0.0
1.987 12.15 0.0
1.987 12.45 0.0
1.987 12.75 0.0
1.987 13.049999999999999 0.0
1.987 13.35 0.0
1.987 13.65 0.0
1.987 13.95 0.0
1.987 14.25 0.0
1.987 14.549999999999999 0.0
1.987 14.85 0.0

2.025 0.15 0.0
2.025 0.44999999999999996 0.0
2.025 0.75 0.0
2.025 1.05 0.0
2.025 1.3499999999999999 0.0
2.025 1.65 0.0
2.025 1.95 0.0
2.025 2.25 0.0
2.025 2.55 0.0
2.025 2.85 0.0
2.025 3.15 0.0
2.025 3.4499999999999997 0.0
2.025 3.75 0.0
2.025 4.05 0.0
2.025 4.35 0.0
2.025 4.6499999999999995 0.0
2.025 4.95 0.0
2.025 5.25 0.0
2.025 5.55 0.0
2.025 5.85 0.0
2.025 6.1499999999999995 0.0
2.025 6.45 0.0
2.025 6.75 0.0
2.025 7.05 0.0
2.025 7.35 0.0
2.025 7.6499999999999995 0.0
2.025 7.949999999999999 0.0
2.025 8.25 0.0
2.025 8.549999999999999 0.0
2.025 8.85 0.0
2.025 9.15 0.0
2.025 9.45 0.0
2.025 9.75 0.0
2.025 10.049999999999999 0.0
2.025 10.35 0.0
2.025 10.65 0.0
2.025 10.95 0.0
2.025 11.25 0.0
2.025 11.549999999999999 0.0
2.025 11.85 0.0
2.025 12.15 0.0
2.025 12.45 0.0
2.025 12.75 0.0
2.025 13.049999999999999 0.0
2.025 13.35 0.0
2.025 13.65 0.0
2.025 13.95 0.0
2.025 14.25 0.0
2.025 14.549999999999999 0.0
2.025 14.85 0.0

2.0629999999999997 0.15 0.0
2.0629999999999997 0.44999999999999996 0.0
2.0629999999999997 0.75 0.0
2.0629999999999997 1.05 0.0
2.0629999999999997 1.3499999999999999 0.0
2.0629999999999997 1.65 0.0
2.0629999999999997 1.95 0.0
2.0629999999999997 2.25 0.0
2.0629999999999997 2.55 0.0
2.0629999999999997 2.85 0.0
2.0629999999999997 3.15 0.0
2.0629999999999997 3.4499999999999997 0.0
2.0629999999999997 3.75 0.0
2.0629999999999997 4.05 0.0
2.0629999999999997 4.35 0.0
2.0629999999999997 4.6499999999999995 0.0
2.0629999999999997 4.95 0.0
2.0629999999999997 5.25 0.0
2.0629999999999997 5.55 0.0
2.0629999999999997 5.85 0.0
2.0629999999999997 6.1499999999999995 0.0
2.0629999999999997 6.45 0.0
2.0629999999999997 6.75 0.0
2.0629999999999997 7.05 0.0
2.0629999999999997 7.35 0.0
2.0629999999999997 7.6499999999999995 0.0
2.0629999999999997 7.949999999999999 0.0
2.0629999999999997 8.25 0.0
2.0629999999999997 8.549999999999999 0.0
2.0629999999999997 8.85 0.0
2.0629999999999997 9.15 0.0
2.0629999999999997 9.45 0.0
2.0629999999999997 9.75 0.0
2.0629999999999997 10.049999999999999 0.0
2.0629999999999997 10.35 0.0
2.0629999999999997 10.65 0.0
2.0629999999999997 10.95 0.0
2.0629999999999997 11.25 0.0
2.0629999999999997 11.549999999999999 0.0
2.0629999999999997 11.85 0.0
2.0629999999999997 12.15 0.0
2.0629999999999997 12.45 0.0
2.0629999999999997 12.75 0.0
2.0629999999999997 13.049999999999999 0.0
2.0629999999999997 13.35 0.0
2.0629999999999997 13.65 0.0
2.0629999999999997 13.95 0.0
2.0629999999999997 14.25 0.0
2.0629999999999997 14.549999999999999 0.0
2.0629999999999997 14.85 0.0

2.101 0.15 0.0
2.101 0.44999999999999996 0.0
2.101 0.75 0.0
2.101 1.05 0.0
2.101 1.3499999999999999 0.0
2.101 1.65 0.0
2.101 1.95 0.0
2.101 2.25 0.0
2.101 2.55 0.0
2.101 2.85 0.0
2.101 3.15 0.0
2.101 3.4499999999999997 0.0
2.101 3.75 0.0
2.101 4.05 0.0
2.101 4.35 0.0
2.101 4.6499999999999995 0.0
2.101 4.95 0.0
2.101 5.25 0.0
2.101 5.55 0.0
2.101 5.85 0.0
2.101 6.1499999999999995 0.0
2.101 6.45 0.0
2.101 6.75 0.0
2.101 7.05 0.0
2.101 7.35 0.0
2.101 7.6499999999999995 0.0
2.101 7.949999999999999 0.0
2.101 8.25 0.0
2.101 8.549999999999999 0.0
2.101 8.85 0.0
2.101 9.15 0.0
2.101 9.45 0.0
2.101 9.75 0.0
2.101 10.049999999999999 0.0
2.101 10.35 0.0
2.101 10.65 0.0
2.101 10.95 0.0
2.101 11.25 0.0
2.101 11.549999999999999 0.0
2.101 11.85 0.0
2.101 12.15 0.0
2.101 12.45 0.0
2.101 12.75 0.0
2.101 13.049999999999999 0.0
2.101 13.35 0.0
2.101 13.65 0.0
2.101 13.95 0.0
2.101 14.25 0.0
2.101 14.549999999999999 0.0
2.101 14.85 0.0

2.139 0.15 0.0
2.139 0.44999999999999996 0.0
2.139 0.75 0.0
2.139 1.05 0.0
2.139 1.3499999999999999 0.0
2.139 1.65 0.0
2.139 1.95 0.0
2.139 2.25 0.0
2.139 2.55 0.0
2.139 2.85 0.0
2.139 3.15 0.0
2.139 3.4499999999999997 0.0
2.139 3.75 0.0
2.139 4.05 0.0
2.139 4.35 0.0
2.139 4.6499999999999995 0.0
2.139 4.95 0.0
2.139 5.25 0.0
2.139 5.55 0.0
2.139 5.85 0.0
2.139 6.1499999999999995 0.0
2.139 6.45 0.0
2.139 6.75 0.0
2.139 7.05 0.0
2.139 7.35 0.0
2.139 7.6499999999999995 0.0
2.139 7.949999999999999 0.0
2.139 8.25 0.0
2.139 8.549999999999999 0.0
2.139 8.85 0.0
2.139 9.15 0.0
2.139 9.45 0.0
2.139 9.75 0.0
2.139 10.049999999999999 0.0
2.139 10.35 0.0
2.139 10.65 0.0
2.139 10.95 0.0
2.139 11.25 0.0
2.139 11.549999999999999 0.0
2.139 11.85 0.0
2.139 12.15 0.0
2.139 12.45 0.0
2.139 12.75 0.0
2.139 13.049999999999999 0.0
2.139 13.35 0.0
2.139 13.65 0.0
2.139 13.95 0.0
2.139 14.25 0.0
2.139 14.549999999999999 0.0
2.139 14.85 0.0

2.177 0.15 0.0
2.177 0.44999999999999996 0.0
2.177 0.75 0.0
2.177 1.05 0.0
2.177 1.3499999999999999 0.0
2.177 1.65 0.0
2.177 1.95 0.0
2.177 2.25 0.0
2.177 2.55 0.0
2.177 2.85 0.0
2.177 3.15 0.0
2.177 3.4499999999999997 0.0
2.177 3.75 0.0
2.177 4.05 0.0
2.177 4.35 0.0
2.177 4.6499999999999995 0.0
2.177 4.95 0.0
2.177 5.25 0.0
2.177 5.55 0.0
2.177 5.85 0.0
2.177 6.1499999999999995 0.0
2.177 6.45 0.0
2.177 6.75 0.0
2.177 7.05 0.0
2.177 7.35 0.0
2.177 7.6499999999999995 0.0
2.177 7.949999999999999 0.0
2.177 8.25 0.0
2.177 8.549999999999999 0.0
2.177 8.85 0.0
2.177 9.15 0.0
2.177 9.45 0.0
2.177 9.75 0.0
2.177 10.049999999999999 0.0
2.177 10.35 0.0
2.177 10.65 0.0
2.177 10.95 0.0
2.177 11.25 0.0
2.177 11.549999999999999 0.0
2.177 11.85 0.0
2.177 12.15 0.0
2.177 12.45 0.0
2.177 12.75 0.0
2.177 13.049999999999999 0.0
2.177 13.35 0.0
2.177 13.65 0.0
2.177 13.95 0.0
2.177 14.25 0.0
2.177 14.549999999999999 0.0
2.177 14.85 0.0

2.215 0.15 0.0
2.215 0.44999999999999996 0.0
2.215 0.75 0.0
2.215 1.05 0.0
2.215 1.3499999999999999 0.0
2.215 1.65 0.0
2.215 1.95 0.0
2.215 2.25 0.0
2.215 2.55 0.0
2.215 2.85 0.0
2.215 3.15 0.0
2.215 3.4499999999999997 0.0
2.215 3.75 0.0
2.215 4.05 0.0
2.215 4.35 0.0
2.215 4.6499999999999995 0.0
2.215 4.95 0.0
2.215 5.25 0.0
2.215 5.55 0.0
2.215 5.85 0.0
2.215 6.1499999999999995 0.0
2.215 6.45 0.0
2.215 6.75 0.0
2.215 7.05 0.0
2.215 7.35 0.0
2.215 7.6499999999999995 0.0
2.215 7.949999999999999 0.0
2.215 8.25 0.0
2.215 8.549999999999999 0.0
2.215 8.85 0.0
2.215 9.15 0.0
2.215 9.45 0.0
2.215 9.75 0.0
2.215 10.049999999999999 0.0
2.215 10.35 0.0
2.215 10.65 0.0
2.215 10.95 0.0
2.215 11.25 0.0
2.215 11.549999999999999 0.0
2.215 11.85 0.0
2.215 12.15 0.0
2.215 12.45 0.0
2.215 12.75 0.0
2.215 13.049999999999999 0.0
2.215 13.35 0.0
2.215 13.65 0.0
2.215 13.95 0.0
2.215 14.25 0.0
2.215 14.549999999999999 0.0
2.215 14.85 0.0

2.253 0.15 0.0
2.253 0.44999999999999996 0.0
2.253 0.75 0.0
2.253 1.05 0.0
2.253 1.3499999999999999 0.0
2.253 1.65 0.0
2.253 1.95 0.0
2.253 2.25 0.0
2.253 2.55 0.0
2.253 2.85 0.0
2.253 3.15 0.0
2.253 3.4499999999999997 0.0
2.253 3.75 0.0
2.253 4.05 0.0
2.253 4.35 0.0
2.253 4.6499999999999995 0.0
2.253 4.95 0.0
2.253 5.25 0.0
2.253 5.55 0.0
2.253 5.85 0.0
2.253 6.1499999999999995 0.0
2.253 6.45 0.0
2.253 6.75 0.0
2.253 7.05 0.0
2.253 7.35 0.0
2.253 7.6499999999999995 0.0
2.253 7.949999999999999 0.0
2.253 8.25 0.0
2.253 8.549999999999999 0.0
2.253 8.85 0.0
2.253 9.15 0.0
2.253 9.45 0.0
2.253 9.75 0.0
2.253 10.049999999999999 0.0
2.253 10.35 0.0
2.253 10.65 0.0
2.253 10.95 0.0
2.253 11.25 0.0
2.253 11.549999999999999 0.0
2.253 11.85 0.0
2.253 12.15 0.0
2.253 12.45 0.0
2.253 12.75 0.0
2.253 13.049999999999999 0.0
2.253 13.35 0.0
2.253 13.65 0.0
2.253 13.95 0.0
2.253 14.25 0.0
2.253 14.549999999999999 0.0
2.253 14.85 0.0

2.291 0.15 0.0
2.291 0.44999999999999996 0.0
2.291 0.75 0.0
2.291 1.05 0.0
2.291 1.3499999999999999 0.0
2.291 1.65 0.0
2.291 1.95 0.0
2.291 2.25 0.0
2.291 2.55 0.0
2.291 2.85 0.0
2.291 3.15 0.0
2.291 3.4499999999999997 0.0
2.291 3.75 0.0
2.291 4.05 0.0
2.291 4.35 0.0
2.291 4.6499999999999995 0.0
2.291 4.95 0.0
2.291 5.25 0.0
2.291 5.55 0.0
2.291 5.85 0.0
2.291 6.1499999999999995 0.0
2.291 6.45 0.0
2.291 6.75 0.0
2.291 7.05 0.0
2.291 7.35 0.0
2.291 7.6499999999999995 0.0
2.291 7.949999999999999 0.0
2.291 8.25 0.0
2.291 8.549999999999999 0.0
2.291 8.85 0.0
2.291 9.15 0.0
2.291 9.45 0.0
2.291 9.75 0.0
2.291 10.049999999999999 0.0
2.291 10.35 0.0
2.291 10.65 0.0
2.291 10.95 0.0
2.291 11.25 0.0
2.291 11.549999999999999 0.0
2.291 11.85 0.0
2.291 12.15 0.0
2.291 12.45 0.0
2.291 12.75 0.0
2.291 13.049999999999999 0.0
2.291 13.35 0.0
2.291 13.65 0.0
2.291 13.95 0.0
2.291 14.25 0.0
2.291 14.549999999999999 0.0
2.291 14.85 0.0

2.3289999999999997 0.15 0.0
2.3289999999999997 0.44999999999999996 0.0
2.3289999999999997 0.75 0.0
2.3289999999999997 1.05 0.0
2.3289999999999997 1.3499999999999999 0.0
2.3289999999999997 1.65 0.0
2.3289999999999997 1.95 0.0
2.3289999999999997 2.25 0.0
2.3289999999999997 2.55 0.0
2.3289999999999997 2.85 0.0
2.3289999999999997 3.15 0.0
2.3289999999999997 3.4499999999999997 0.0
2.3289999999999997 3.75 0.0
2.3289999999999997 4.05 0.0
2.3289999999999997 4.35 0.0
2.3289999999999997 4.6499999999999995 0.0
2.3289999999999997 4.95 0.0
2.3289999999999997 5.25 0.0
2.3289999999999997 5.55 0.0
2.3289999999999997 5.85 0.0
2.3289999999999997 6.1499999999999995 0.0
2.3289999999999997 6.45 0.0
2.3289999999999997 6.75 0.0
2.3289999999999997 7.05 0.0
2.3289999999999997 7.35 0.0
2.3289999999999997 7.6499999999999995 0.0
2.3289999999999997 7.949999999999999 0.0
2.3289999999999997 8.25 0.0
2.3289999999999997 8.549999999999999 0.0
2.3289999999999997 8.85 0.0
2.3289999999999997 9.15 0.0
2.3289999999999997 9.45 0.0
2.3289999999999997 9.75 0.0
2.3289999999999997 10.049999999999999 0.0
2.3289999999999997 10.35 0.0
2.3289999999999997 10.65 0.0
2.3289999999999997 10.95 0.0
2.3289999999999997 11.25 0.0
2.3289999999999997 11.549999999999999 0.0
2.3289999999999997 11.85 0.0
2.3289999999999997 12.15 0.0
2.3289999999999997 12.45 0.0
2.3289999999999997 12.75 0.0
2.3289999999999997 13.049999999999999 0.0
2.3289999999999997 13.35 0.0
2.3289999999999997 13.65 0.0
2.3289999999999997 13.95 0.0
2.3289999999999997 14.25 0.0
2.3289999999999997 14.549999999999999 0.0
2.3289999999999997 14.85 0.0

2.367 0.15 0.0
2.367 0.44999999999999996 0.0
2.367 0.75 0.0
2.367 1.05 0.0
2.367 1.3499999999999999 0.0
2.367 1.65 0.0
2.367 1.95 0.0
2.367 2.25 0.0
2.367 2.55 0.0
2.367 2.85 0.0
2.367 3.15 0.0
2.367 3.4499999999999997 0.0
2.367 3.75 0.0
2.367 4.05 0.0
2.367 4.35 0.0
2.367 4.6499999999999995 0.0
2.367 4.95 0.0
2.367 5.25 0.0
2.367 5.55 0.0
2.367 5.85 0.0
2.367 6.1499999999999995 0.0
2.367 6.45 0.0
2.367 6.75 0.0
2.367 7.05 0.0
2.367 7.35 0.0
2.367 7.6499999999999995 0.0
2.367 7.949999999999999 0.0
2.367 8.25 0.0
2.367 8.549999999999999 0.0
2.367 8.85 0.0
2.367 9.15 0.0
2.367 9.45 0.0
2.367 9.75 0.0
2.367 10.049999999999999 0.0
2.367 10.35 0.0
2.367 10.65 0.0
2.367 10.95 0.0
2.367 11.25 0.0
2.367 11.549999999999999 0.0
2.367 11.85 0.0
2.367 12.15 0.0
2.367 12.45 0.0
2.367 12.75 0.0
2.367 13.049999999999999 0.0
2.367 13.35 0.0
2.367 13.65 0.0
2.367 13.95 0.0
2.367 14.25 0.0
2.367 14.549999999999999 0.0
2.367 14.85 0.0

2.405 0.15 0.0
2.405 0.44999999999999996 0.0
2.405 0.75 0.0
2.405 1.05 0.0
2.405 1.3499999999999999 0.0
2.405 1.65 0.0
2.405 1.95 0.0
2.405 2.25 0.0
2.405 2.55 0.0
2.405 2.85 0.0
2.405 3.15 0.0
2.405 3.4499999999999997 0.0
2.405 3.75 0.0
2.405 4.05 0.0
2.405 4.35 0.0
2.405 4.6499999999999995 0.0
2.405 4.95 0.0
2.405 5.25 0.0
2.405 5.55 0.0
2.405 5.85 0.0
2.405 6.1499999999999995 0.0
2.405 6.45 0.0
2.405 6.75 0.0
2.405 7.05 0.0
2.405 7.35 0.0
2.405 7.6499999999999995 0.0
2.405 7.949999999999999 0.0
2.405 8.25 0.0
2.405 8.549999999999999 0.0
2.405 8.85 0.0
2.405 9.15 0.0
2.405 9.45 0.0
2.405 9.75 0.0
2.405 10.049999999999999 0.0
2.405 10.35 0.0
2.405 10.65 0.0
2.405 10.95 0.0
2.405 11.25 0.0
2.405 11.549999999999999 0.0
2.405 11.85 0.0
2.405 12.15 0.0
2.405 12.45 0.0
2.405 12.75 0.0
2.405 13.049999999999999 0.0
2.405 13.35 0.0
2.405 13.65 0.0
2.405 13.95 0.0
2.405 14.25 0.0
2.405 14.549999999999999 0.0
2.405 14.85 0.0

2.443 0.15 0.0
2.443 0.44999999999999996 0.0
2.443 0.75 0.0
2.443 1.05 0.0
2.443 1.3499999999999999 0.0
2.443 1.65 0.0
2.443 1.95 0.0
2.443 2.25 0.0
2.443 2.55 0.0
2.443 2.85 0.0
2.443 3.15 0.0
2.443 3.4499999999999997 0.0
2.443 3.75 0.0
2.443 4.05 0.0
2.443 4.35 0.0
2.443 4.6499999999999995 0.0
2.443 4.95 0.0
2.443 5.25 0.0
2.443 5.55 0.0
2.443 5.85 0.0
2.443 6.1499999999999995 0.0
2.443 6.45 0.0
2.443 6.75 0.0
2.443 7.05 0.0
2.443 7.35 0.0
2.443 7.6499999999999995 0.0
2.443 7.949999999999999 0.0
2.443 8.25 0.0
2.443 8.549999999999999 0.0
2.443 8.85 0.0
2.443 9.15 0.0
2.443 9.45 0.0
2.443 9.75 0.0
2.443 10.049999999999999 0.0
2.443 10.35 0.0
2.443 10.65 0.0
2.443 10.95 0.0
2.443 11.25 0.0
2.443 11.549999999999999 0.0
2.443 11.85 0.0
2.443 12.15 0.0
2.443 12.45 0.0
2.443 12.75 0.0
2.443 13.049999999999999 0.0
2.443 13.35 0.0
2.443 13.65 0.0
2.443 13.95 0.0
2.443 14.25 0.0
2.443 14.549999999999999 0.0
2.443 14.85 0.0

2.481 0.15 0.0
2.481 0.44999999999999996 0.0
2.481 0.75 0.0
2.481 1.05 0.0
2.481 1.3499999999999999 0.0
2.481 1.65 0.0
2.481 1.95 0.0
2.481 2.25 0.0
2.481 2.55 0.0
2.481 2.85 0.0
2.481 3.15 0.0
2.481 3.4499999999999997 0.0
2.481 3.75 0.0
2.481 4.05 0.0
2.481 4.35 0.0
2.481 4.6499999999999995 0.0
2.481 4.95 0.0
2.481 5.25 0.0
2.481 5.55 0.0
2.481 5.85 0.0
2.481 6.1499999999999995 0.0
2.481 6.45 0.0
2.481 6.75 0.0
2.481 7.05 0.0
2.481 7.35 0.0
2.481 7.6499999999999995 0.0
2.481 7.949999999999999 0.0
2.481 8.25 0.0
2.481 8.549999999999999 0.0
2.481 8.85 0.0
2.481 9.15 0.0
2.481 9.45 0.0
2.481 9.75 0.0
2.481 10.049999999999999 0.0
2.481 10.35 0.0
2.481 10.65 0.0
2.481 10.95 0.0
2.481 11.25 0.0
2.481 11.549999999999999 0.0
2.481 11.85 0.0
2.481 12.15 0.0
2.481 12.45 0.0
2.481 12.75 0.0
2.481 13.049999999999999 0.0
2.481 13.35 0.0
2.481 13.65 0.0
2.481 13.95 0.0
2.481 14.25 0.0
2.481 14.549999999999999 0.0
2.481 14.85 0.0

