1.546739 0.011010
1.546739 0.011010
1.572621 0.009445
1.467358 0.015161
1.467787 0.014876
1.416094 0.023137
1.391989 0.020353
1.320938 0.023038
1.342062 0.022338
1.326231 0.023724
1.344291 0.021064
1.378551 0.016082
1.245773 0.031838
1.114303 0.043399
1.137485 0.036329
1.193253 0.027414
1.186677 0.024729
1.212978 0.027207
1.268954 0.022634
1.250486 0.041069
1.265178 0.029401
1.271138 0.023236
1.364310 0.023124
1.381245 0.029282
1.294000 0.035615
1.367735 0.024151
1.358778 0.032960
1.289600 0.035931
1.258228 0.036425
1.296385 0.028574
1.281393 0.024314
1.313704 0.030225
1.316172 0.024728
1.296585 0.028286
1.255062 0.034531
1.233431 0.042934
1.199072 0.037634
1.148534 0.048332
1.199669 0.030541
1.335882 0.020456
1.324260 0.029406
1.292839 0.028452
1.228050 0.027582
1.189221 0.030306
1.201249 0.030580
1.218065 0.024790
1.147184 0.039068
1.152472 0.028576
1.151998 0.030981
1.113481 0.034282
1.062621 0.039673
1.068404 0.034758
0.976808 0.052452
1.001870 0.058653
1.072975 0.038641
1.064585 0.045130
1.059692 0.040758
1.103872 0.043035
1.044322 0.065417
1.131505 0.044571
1.186980 0.080919
1.218252 0.053745
1.246198 0.074225
1.242264 0.071568
1.201152 0.075256
1.168668 0.102467
1.173450 0.088698
1.204758 0.051810
1.139989 0.058943
1.171547 0.032884
1.186944 0.034627
1.235006 0.039119
1.265278 0.027464
1.265250 0.025340
1.295682 0.025738
1.228029 0.038754
1.227781 0.029711
1.213066 0.036487
1.338899 0.016661
1.258451 0.028418
1.240306 0.029333
1.244972 0.025100
1.175326 0.029492
1.156029 0.032704
1.155485 0.031399
1.021145 0.052671
1.044663 0.035651
1.079017 0.036313
1.166684 0.029634
1.215058 0.026987
1.208733 0.037387
1.208258 0.033998
1.155397 0.045874
1.130456 0.067002
1.071736 0.128502
1.102359 0.087415
1.103390 0.073943
1.093799 0.082860
1.134478 0.065009
1.085533 0.103161
1.072943 0.097160
1.118492 0.098831
1.195584 0.061670
1.119312 0.099827
1.056612 0.070046
1.114152 0.059521
1.169553 0.063919
1.097084 0.166027
1.018127 0.276062
0.993842 0.584707
0.930078 0.335014
0.888073 0.266552
0.892571 0.319187
0.894387 0.344104
0.836782 0.713419
0.887238 0.489984
0.921764 0.811102
0.900033 1.290042
0.910023 1.439453
0.859848 1.378513
0.792510 1.205040
0.808941 1.376771
0.794183 1.534988
0.780949 1.700964
0.714736 2.445302
0.671260 3.286212
0.682853 3.425616
0.702203 2.566197
0.671891 3.237789
0.684461 3.840254
0.697759 4.044484
0.726480 4.093712
0.646494 3.892935
0.656309 4.224866
0.656024 4.235916
0.632977 4.165079
0.694194 2.712867
0.672498 3.979348
0.649549 2.799977
0.647350 3.001089
0.622346 3.564616
0.615612 2.927235
0.628457 2.999427
0.639104 3.996784
0.632610 3.610475
0.644859 3.742133
0.630860 3.386275
0.621107 1.956962
0.639366 1.649033
0.649096 2.763245
0.640332 3.372798
0.654144 3.623368
0.638411 4.142658
0.658618 4.065031
0.668877 3.392702
0.641281 3.409035
0.663058 3.345986
0.663264 3.322550
0.676474 3.309621
0.630793 3.474686
0.664718 3.352341
0.643436 2.933717
0.626890 3.360342
0.651005 2.104518
0.632999 3.045913
0.624788 3.428481
0.640069 3.159849
0.638710 3.550505
0.613279 3.384195
0.609013 3.525868
0.629584 3.309462
0.627367 2.598528
0.641647 3.397088
0.620584 3.363555
0.627153 3.284634
0.633916 3.503739
0.649769 3.261749
0.625665 3.277701
0.620718 3.350232
0.658349 3.285014
0.656116 3.395033
0.638165 3.451185
0.630456 3.437186
0.627703 2.453156
0.647959 3.320426
0.674125 3.359162
0.661009 3.433132
0.644483 3.489011
0.661817 3.416104
0.646435 3.517092
0.649915 3.488967
0.660810 3.100923
0.662348 3.289478
0.669162 3.472788
0.676452 3.392305
0.666196 3.402200
0.656102 3.301924
0.639784 3.569946
0.654585 3.425007
0.623038 3.534665
0.675851 3.129377
0.656824 3.333442
0.649361 3.938336
0.641971 4.208442
0.657087 2.117673
0.667695 1.332083
0.641447 3.784917
0.641489 1.673150
0.634958 4.203438
0.636415 4.339926
0.656268 4.331922
0.651676 4.212406
0.691992 3.352367
0.672732 3.164753
0.691410 2.257090
0.675664 1.416711
0.672577 2.417640
0.643330 3.441527
0.661860 3.190806
0.673046 3.474611
0.677989 3.480960
0.681278 3.338086
0.677107 3.424187
0.662136 1.832267
0.693061 2.597722
0.665817 4.213671
0.634223 4.249427
0.648947 3.739970
0.646488 3.990156
0.654981 4.209760
0.670752 4.261555
0.634179 4.094913
0.638647 4.275478
0.640071 3.344686
0.637682 4.209790
0.630426 4.041518
0.644829 4.150462
0.628114 4.206020
0.633543 4.315826
0.645922 3.833117
0.637613 3.702775
0.659498 4.189640
0.657840 4.092633
0.630381 3.656554
0.668444 3.430095
0.641416 4.349328
0.638240 4.289667
0.639617 3.991930
0.637805 4.248877
0.660609 3.451480
0.656210 4.154748
0.648182 4.176097
0.651545 4.246500
0.648745 4.019593
0.648886 3.919718
0.696823 3.263583
0.683427 3.041776
0.697025 3.400812
0.647236 3.365799
0.654085 3.365590
0.666034 3.447948
0.662056 3.400119
0.683677 2.322639
0.678813 3.570585
0.662196 1.931124
0.660849 2.219469
0.660993 3.342419
0.634739 3.403783
0.661027 3.463534
0.665476 2.801734
0.644750 2.833868
0.671247 3.451348
0.648023 3.507940
0.663503 2.693960
0.677627 1.891682
0.683583 2.289750
0.689992 1.136293
0.688596 3.378629
0.668239 2.340226
0.653039 3.206668
0.649488 3.377787
0.660593 1.643712
0.701752 0.861080
0.667781 2.735185
0.672798 3.487977
0.692241 2.974827
0.656773 3.453151
0.656325 2.092101
0.640728 2.408914
0.667084 3.156821
0.667434 3.395107
0.668881 3.426896
0.662592 3.511170
0.680770 2.372416
0.667054 3.484372
0.663345 3.414027
0.678005 3.321152
0.694855 3.416494
0.689783 3.367795
0.695772 3.525683
0.695366 3.335728
0.708832 3.323261
0.728150 3.265311
0.692255 3.256620
0.647613 3.544899
0.632624 3.526065
0.660184 3.459158
0.686508 3.152332
0.691377 3.409454
0.726144 3.430537
0.734817 3.434144
0.735831 2.453294
0.728553 3.419927
0.716927 3.238200
0.687969 3.637167
0.712885 3.392298
0.689561 3.451438
0.673546 3.574966
0.691993 3.398618
0.700355 3.323396
0.701144 3.159259
0.738730 3.203318
0.740668 3.384618
0.708749 3.227018
0.700751 3.094594
0.697714 3.418060
0.671850 2.482538
0.641872 3.416525
0.650634 3.490306
0.654027 3.387995
0.658242 3.424603
0.665838 3.279696
0.657650 3.495927
0.721057 3.383898
0.691216 3.292411
0.688323 1.933163
0.724788 1.325671
0.673123 3.348557
0.683945 3.466186
0.672922 3.196295
0.656191 3.342493
0.649277 3.413429
0.662505 3.133306
0.692775 3.271191
0.726435 3.247263
0.730874 3.264787
0.738390 3.372170
0.735711 3.091330
0.747377 3.278889
0.707221 3.336658
0.689107 3.417924
0.696665 3.441724
0.695345 3.282017
0.698133 3.329907
0.670919 3.409488
0.697337 3.325593
0.726716 3.066063
0.753507 3.130684
0.720259 3.374307
0.695981 3.061030
0.704152 3.267441
0.688837 3.512166
0.701079 3.364275
0.724290 2.563144
0.719185 3.358466
0.732508 3.074010
0.705508 3.117126
0.692875 2.980818
0.682609 2.503664
0.638424 3.636007
0.663702 3.386966
0.655545 3.513470
0.645269 3.565204
0.650281 3.374664
0.643936 3.544212
0.679293 3.170423
0.647060 3.450043
0.648104 3.471485
0.650850 3.397302
0.667554 3.436954
0.664825 3.324603
0.671131 3.070902
0.675363 2.441560
0.638212 3.532011
0.661287 3.258811
0.649950 3.487840
0.666667 2.870535
0.654472 2.957460
0.664788 3.413175
0.665457 3.226571
0.650955 3.354845
0.665206 3.477312
0.663059 2.335930
0.651275 3.149826
0.650056 3.516791
0.654803 3.543208
0.674737 3.351501
0.639390 3.493059
0.645299 3.439903
0.637196 3.402994
0.673702 3.265696
0.691508 2.851982
0.687920 2.737559
0.657628 3.536200
0.662968 3.452781
0.660548 3.525631
0.649265 3.636011
0.659925 3.749080
0.679258 2.703199
0.665415 3.437101
0.660016 3.337444
0.663510 2.986102
0.676778 3.216908
0.655040 4.004455
0.648757 3.972248
0.665883 2.598797
0.632239 3.051672
0.646432 4.067344
0.650924 4.042052
0.650202 3.919663
0.640025 3.642139
0.649047 3.885311
0.640890 2.907413
0.635068 4.199978
0.651489 3.652763
0.633417 3.781808
0.634527 4.102611
0.624228 3.837221
0.643895 3.957821
0.628786 3.898115
0.639111 3.774286
0.640871 3.637016
0.630347 4.013863
0.651594 3.817519
0.641519 3.814858
0.647451 4.023615
0.640600 3.839950
0.625447 4.196239
0.633527 3.975331
0.652994 3.970005
0.631291 4.006631
0.636255 3.603197
0.627666 4.019890
0.646655 3.502774
0.646203 3.693141
0.615500 4.202723
0.625884 4.166791
0.616397 4.239052
0.645350 4.149535
0.621078 3.859078
0.630362 4.017639
0.626080 4.250596
0.627243 4.113302
0.628528 4.246353
0.633085 4.110747
0.633790 4.279392
0.653082 4.097194
0.629337 1.877480
0.657735 1.866382
0.634116 4.156940
0.644030 3.450039
0.634344 3.547807
0.653597 3.423502
0.652795 3.439826
0.629427 3.605567
0.645955 3.538864
0.638622 3.489128
0.650457 3.202737
0.635245 3.620305
0.631942 3.514951
0.629472 3.188138
0.669621 3.259430
0.672460 3.463299
0.710548 3.488117
0.730479 3.331047
0.713392 3.489683
0.719384 1.753445
0.771314 3.119392
0.727371 2.228609
0.679493 3.069826
0.691684 2.127456
0.702087 3.416310
0.670918 2.375150
0.704977 2.774070
0.672227 2.663025
0.667548 1.597849
0.686873 0.707552
0.682431 3.313333
0.668260 3.592683
0.657361 3.067454
0.676719 2.446117
0.662881 3.259715
0.672170 3.487606
0.675055 3.265844
0.665977 3.564875
0.681584 1.347693
0.668946 3.534672
0.653168 3.578935
0.651219 3.689994
0.636991 3.555016
0.670054 3.933769
0.694246 3.838644
0.707128 3.076425
0.662207 4.583245
0.669364 3.834462
0.715976 4.109214
0.756692 3.035238
0.766966 2.913076
0.733420 4.863563
0.771230 4.477562
0.748064 4.776467
0.760909 4.576380
0.771270 3.981850
0.748060 4.808366
0.712221 4.329387
0.691082 4.637420
0.676864 4.442386
0.698548 4.503901
0.683488 4.966311
0.668546 4.707335
0.685997 3.884880
0.705547 2.922695
0.697233 3.715716
0.693216 4.827785
0.715104 4.520644
0.720521 4.770576
0.753158 4.227515
0.745218 4.348330
0.768735 3.601117
0.784995 4.120764
0.745989 4.347376
0.724911 4.025307
0.719520 4.606557
0.708546 4.026027
0.710949 3.565119
0.749879 4.334414
0.737657 4.230294
0.741128 4.196368
0.753932 3.927624
0.768709 4.211276
0.810923 4.489304
0.793438 4.204966
0.725394 4.204735
0.750084 3.543002
0.758180 4.271320
0.747484 3.908563
0.819740 3.762322
0.818387 4.265979
0.743861 5.236756
0.796601 5.196791
0.758079 5.609076
0.806437 4.732768
0.802526 4.753471
0.804628 5.218529
0.789845 4.531339
0.777647 4.973490
0.836692 3.393372
0.767448 3.982078
0.757597 3.493288
0.712763 5.082340
0.692122 5.435811
0.686420 3.183250
0.714956 5.404967
0.732479 5.256028
0.741873 4.331645
0.761313 5.415571
0.754148 5.415298
0.764442 4.705890
0.741057 4.316497
0.729061 4.238278
0.708138 2.892356
0.689154 4.661458
0.708973 5.324832
0.698743 5.137785
0.718134 4.460462
0.718399 4.683301
0.677549 4.755761
0.696124 4.557750
0.684102 4.263304
0.686895 3.418354
0.669742 3.060795
0.689698 4.470153
0.674726 4.685560
0.692833 4.656372
0.673759 5.897857
0.665508 5.510103
0.674041 4.043856
0.673860 4.247958
0.668421 5.146571
0.701831 4.383518
0.678111 3.476660
0.681138 2.765562
0.665837 2.234337
0.658914 4.013121
0.635326 4.503090
0.657298 4.115185
0.668453 5.291721
0.674198 5.108428
0.681216 5.047810
0.693382 5.264641
0.692456 5.316183
0.698617 5.611178
0.687130 4.933817
0.670015 5.055360
0.670611 5.163365
0.652574 4.819544
0.686375 4.837418
0.704872 4.570963
0.695259 3.871073
0.673177 4.330174
0.710591 3.938173
0.713391 4.646553
0.682367 5.036181
0.680272 4.636240
0.694964 3.702273
0.678612 4.986754
0.684282 5.448506
0.666554 5.025726
0.647612 4.788034
0.659827 4.750049
0.672003 4.740463
0.684054 4.575321
0.676667 5.136337
0.670823 5.189781
0.674871 5.030324
0.698528 4.618684
0.654467 5.027521
0.659511 4.311861
0.673584 4.065615
0.674232 5.227734
0.682736 4.848036
0.697919 4.758381
0.676713 4.927015
0.710443 4.057458
0.703636 4.652830
0.650076 4.672947
0.645717 4.171972
0.703217 4.142365
0.711816 4.715754
0.702445 5.235358
0.721464 5.781408
0.743930 5.748446
0.781275 4.818370
0.771095 4.623978
0.733317 4.781248
0.780014 5.843726
0.798602 7.576543
0.797306 7.752095
0.781117 8.387078
0.747364 7.979493
0.802873 5.367355
0.792820 8.263255
0.772880 8.397213
0.769553 8.385804
0.825378 8.089460
0.813592 8.257190
0.788829 7.597691
0.788996 8.205903
0.800046 7.802625
0.745841 8.997780
0.784236 8.723385
0.765614 9.114900
0.774716 8.385356
0.778021 8.769153
0.747697 8.970107
0.763805 8.989745
0.761373 8.791311
0.759398 8.935977
0.752681 9.116993
0.792570 8.814017
0.791726 8.476218
0.790875 8.161888
0.787393 8.422918
0.777311 8.374764
0.806648 8.348072
0.798652 7.734760
0.788827 8.904715
0.787382 9.022316
0.769861 9.041022
0.754355 8.899825
0.761693 8.768182
0.739992 6.877232
0.782254 5.969329
0.770637 8.331548
0.743969 8.979145
0.755076 9.147250
0.744400 9.119162
0.793854 8.777314
0.810717 8.110307
0.778237 8.164099
0.779471 7.187420
0.747624 8.816481
0.765087 8.944612
0.809297 5.157787
0.756999 8.421009
0.751266 9.095226
0.736981 9.169845
0.746318 9.112809
0.781548 9.051503
0.791278 8.352188
0.774239 7.977492
0.779825 6.990566
0.759544 8.404166
0.778598 7.338512
0.767874 8.590352
0.796417 8.359066
0.796579 8.703192
0.771042 9.054301
0.774581 8.734112
0.801355 8.249947
0.802871 7.371937
0.791139 7.726392
0.774395 8.416015
0.820073 8.357534
0.815601 7.265116
0.783858 8.369366
0.825617 7.244845
0.803575 8.628537
0.831780 6.477450
0.844213 6.773108
0.836254 6.960336
0.748227 9.176595
0.765188 9.235452
0.742964 9.174202
0.796488 8.369768
0.780240 8.646986
0.747517 9.078722
0.754406 9.082239
0.782354 9.120889
0.804086 8.580620
0.771874 9.050445
0.790506 8.489927
0.842633 7.585378
0.752689 9.112178
0.791677 7.965466
0.757333 7.943432
0.766042 8.224368
0.795955 7.766271
0.809935 6.763045
0.775262 8.952177
0.772144 8.495057
0.747680 9.149121
0.762551 8.499462
0.731739 9.211861
0.771845 8.978541
0.771105 8.952235
0.761952 8.440683
0.747486 9.027883
0.742426 9.164796
0.802983 8.136339
0.760122 8.908834
0.764178 9.087662
0.774980 8.058405
0.750727 9.103205
0.764850 9.096264
0.777929 6.550806
0.799110 7.648658
0.764253 8.996667
0.765373 9.025258
0.781408 9.055823
0.791128 8.670747
0.738758 9.123403
0.773144 8.162383
0.799076 6.497168
0.768952 7.870985
0.747891 6.336541
0.746711 6.932868
0.727051 6.553031
0.735095 6.417628
0.758778 4.127526
0.815246 5.945740
0.790639 6.175461
0.786911 2.663823
0.775078 5.418463
0.790187 5.065465
0.810219 5.454295
0.850104 4.628965
0.881714 5.180822
0.857874 4.826580
0.800058 6.023352
0.754451 8.924823
0.792998 7.529616
0.798243 8.404307
0.836128 7.392909
0.798759 7.706463
0.855850 6.823734
0.815415 7.835428
0.776917 8.249332
0.760616 6.767770
0.735259 5.774949
0.798746 4.685621
0.804578 8.296484
0.766235 8.509936
0.752953 9.144937
0.746108 9.142830
0.787949 8.959709
0.762822 9.042519
0.820737 7.734255
0.833527 7.442351
0.821994 7.250072
0.869959 6.133254
0.807099 7.540902
0.808691 7.944197
0.793714 7.650595
0.820022 7.313162
0.850516 5.627463
0.820044 7.448956
0.831480 7.769630
0.842040 7.668011
0.804483 8.245511
0.786597 8.124147
0.796296 8.207830
0.768374 8.305698
0.752532 8.684790
0.804346 8.388948
0.810654 7.537914
0.786295 8.738135
0.836652 6.902960
0.774132 8.014989
0.813202 7.164715
0.772656 7.454209
0.791446 6.803828
0.824863 6.463693
0.795149 8.804189
0.833796 5.287787
0.790301 7.405612
0.809755 6.157251
0.815434 7.350220
0.814173 6.648923
0.801169 7.385380
0.790779 6.991517
0.784882 6.863409
0.840984 5.750287
0.848683 6.081972
0.803205 8.128853
0.835375 6.051095
0.836251 6.522204
0.817508 7.358386
0.810256 6.602965
0.781547 8.547416
0.798267 7.103710
0.769171 8.486068
0.751785 8.165585
0.773012 9.164638
0.790603 9.021145
0.837687 7.368757
0.815215 7.707434
0.783756 5.638641
0.880096 3.186296
0.857000 6.108294
0.865818 5.523441
0.852222 6.389403
0.848348 7.475190
0.827306 6.863456
0.842559 6.249198
0.813642 7.830059
0.801202 8.619521
0.764576 8.900457
0.760317 7.772556
0.773495 8.108424
0.745513 9.014462
0.758150 9.032232
0.750203 8.794147
0.774837 9.056089
0.805700 8.889033
0.778278 9.034295
0.791150 8.667942
0.778104 8.820878
0.790989 8.790044
0.768333 8.879956
0.802503 6.497012
0.804145 6.083212
0.787465 6.463721
0.779401 8.976055
0.841617 7.084236
0.804616 7.939576
0.871663 6.853801
0.817333 7.106900
0.792387 8.669651
0.741408 9.074703
0.740348 9.124837
0.747550 9.156822
0.799188 8.909201
0.801146 8.365674
0.776110 8.983424
0.825273 6.259848
0.771432 8.926575
0.765242 9.101528
0.778917 8.763771
0.778607 8.682862
0.778394 8.059906
0.757363 9.199159
0.787560 6.484217
0.760230 8.635648
0.771754 8.855818
0.761529 9.155428
0.731141 9.100345
0.760151 9.135506
0.843096 7.444996
0.789838 8.487655
0.777188 7.704349
0.798673 7.054548
0.828436 5.317714
0.783590 6.173686
0.762212 7.126429
0.786737 6.362660
0.733383 8.971068
0.804886 6.314097
0.750396 6.707490
0.749381 5.204989
0.827076 5.846611
0.837864 5.529644
0.816989 5.307185
0.801455 6.434118
0.818483 7.203300
0.826078 7.129588
0.790035 8.053302
0.761649 8.556856
0.765534 9.101036
0.798379 8.012525
0.812152 6.207790
0.775459 8.567992
0.784622 8.913003
0.769576 9.059918
0.767980 9.101670
0.762439 9.270289
0.803511 8.022808
0.783406 7.113607
0.772282 6.704096
0.817013 8.041852
0.811797 7.534007
0.786673 8.699305
0.779777 8.098511
0.839781 5.713920
0.776248 8.457351
0.762714 9.136256
0.858326 3.549175
0.835148 6.136834
0.815762 7.230240
0.831526 3.810750
0.783326 8.045254
0.767985 9.135323
0.783912 8.583614
0.818744 7.922124
0.790367 8.273255
0.805837 8.759629
0.753393 8.317952
0.742508 9.211505
0.740947 8.968389
0.828500 7.137255
0.785753 8.820606
0.816732 6.963839
0.788716 7.292833
0.792727 8.700053
0.771459 7.430753
0.788208 8.941490
0.820906 8.058641
0.792583 8.253164
0.837013 5.064714
0.866561 4.650386
0.832173 7.460864
0.794220 8.171618
0.802449 7.486014
0.764445 9.099871
0.765906 9.083011
0.748001 9.140727
0.747948 9.082570
0.757412 9.117219
0.748931 9.235082
0.773037 8.954583
0.770326 8.992941
0.762446 7.876225
0.765823 8.871390
0.799530 8.506318
0.797243 8.418208
0.778398 8.501737
0.778110 9.029528
0.821695 6.991645
0.772746 8.400935
0.784896 8.757045
0.793107 8.336985
0.842430 7.605646
0.849315 6.322245
0.815134 7.783655
0.871442 6.020949
0.845572 7.484045
0.856935 7.330931
0.821180 6.416693
0.821434 8.091529
0.791657 8.081130
0.788468 7.555330
0.809235 8.691559
0.778901 8.624088
0.798194 7.090535
0.804938 5.904347
0.804874 6.580568
0.803320 5.316724
0.776287 7.763709
0.800680 7.950050
0.814044 8.138669
0.804298 8.164493
0.800230 7.154175
0.803524 6.077840
0.818419 6.114166
0.801802 8.376101
0.808869 7.193893
0.770313 5.927431
0.764005 4.502128
0.741257 5.906831
0.743658 5.274026
0.734467 4.956952
0.754977 5.586828
0.819973 4.454473
0.849186 5.338957
0.814788 4.861855
0.820063 5.671612
0.817744 7.224615
0.812652 6.009991
0.834335 6.783447
0.777067 8.310534
0.825055 7.981787
0.837043 7.777542
0.830984 7.217070
0.773907 7.930866
0.839723 6.793013
0.846320 6.823405
0.810879 5.910971
0.802931 6.002737
0.820749 5.358226
0.788232 4.954840
0.798067 5.123627
0.800934 5.012967
0.768899 7.086814
0.818095 6.898974
0.820677 6.736506
0.810633 8.618488
0.799166 8.512929
0.773982 7.444436
0.801659 8.079833
0.788419 6.203138
0.805025 6.470171
0.779317 9.157549
0.769637 8.970228
0.790874 6.887050
0.852882 6.979713
0.830491 6.338637
0.813416 8.143187
0.826654 7.049597
0.785753 7.168852
0.800418 8.599362
0.771252 7.515721
0.790967 8.668352
0.795671 7.639174
0.785675 6.417992
0.747377 6.329805
0.802734 7.187064
0.848402 6.575204
0.803284 5.834762
0.820188 6.567879
0.836109 5.511028
0.855075 6.203930
0.821278 6.775715
0.834652 6.334776
0.870193 4.316872
0.839382 4.837995
0.803230 5.971910
0.804587 6.683271
0.835815 5.368079
0.786708 5.162260
0.850330 5.559943
0.825209 6.011855
0.810218 6.132462
0.823956 7.153788
0.769255 8.299740
0.798072 8.293678
0.819480 7.419782
0.767297 8.287870
0.822894 6.664361
0.776949 8.331899
0.789830 6.814654
0.821805 7.938109
0.844698 5.496814
0.881089 4.345487
0.899739 5.090977
0.881495 6.212597
0.869922 6.777190
0.835235 7.234922
0.809678 7.295899
0.824029 7.250216
0.803841 7.151457
0.824051 7.031765
0.810772 7.472999
0.769348 8.539485
0.767176 8.422280
0.736041 9.131080
0.765368 9.307743
0.791639 8.927580
0.799929 8.813416
0.824671 8.036848
0.768479 9.062668
0.744227 9.242873
0.834431 7.486697
0.843050 7.284978
0.790764 8.245934
0.819191 6.680739
0.765454 8.808191
0.751892 8.831388
0.792656 8.670143
0.863024 4.863253
0.868950 3.745513
0.865052 4.120676
0.857831 3.904385
0.820605 5.144732
0.816796 4.304827
0.833793 3.955900
0.817933 8.041262
0.762005 8.444442
0.776628 6.490306
0.814730 7.599063
0.793093 7.712610
0.776934 7.939307
0.773571 6.234710
0.795658 7.013591
0.831609 6.975762
0.777441 8.626832
0.791853 8.728880
0.840258 6.752639
0.827807 7.642592
0.789388 7.793788
0.823725 6.986032
0.805899 8.566749
0.769775 9.086380
0.750576 8.924556
0.759935 9.096038
0.777456 9.026823
0.766319 8.879736
0.793427 8.670143
0.800641 8.133711
0.842353 7.798101
0.811025 8.325471
0.821123 5.561277
0.841422 4.422477
0.849305 5.110802
0.867844 5.477366
0.821594 6.621584
0.794053 6.321358
0.810422 5.393524
0.822488 6.042115
0.824265 6.849784
0.816443 7.237867
0.781270 8.965376
0.794676 7.887158
0.781703 6.811821
0.799572 8.103383
0.789213 8.463783
0.822510 7.281500
0.800440 8.148782
0.839513 5.725060
0.818353 7.719892
0.804649 8.129908
0.833673 7.950205
0.806302 6.873627
0.804357 7.269706
0.856878 5.825781
0.823721 6.475724
0.841518 6.135249
0.805951 8.040911
0.799796 7.980829
0.796563 8.804763
0.813828 8.143162
0.794471 8.404353
0.796724 8.348344
0.790449 8.394883
0.807967 6.583515
0.771220 7.232103
0.792225 6.784038
0.770598 8.015224
0.794048 7.620716
0.805917 8.437476
0.822250 7.837223
0.793691 8.316081
0.773966 8.892569
0.791177 8.976932
0.781887 8.149431
0.814628 8.129173
0.797330 7.271051
0.828369 7.586997
0.782465 8.923143
0.783241 8.931499
0.807480 8.259997
0.804836 6.458118
0.777625 8.998489
0.817722 7.881949
0.799256 7.710421
0.790899 8.756797
0.787705 7.955152
0.792756 8.677516
0.823944 8.242947
0.783583 7.923478
0.785684 7.626209
0.824963 6.320998
0.752341 9.051626
0.766984 8.497293
0.828482 6.883916
0.799277 6.825442
0.814317 8.255200
0.806081 8.574577
0.811206 7.627112
0.779715 8.727690
0.786874 9.058334
0.761534 8.720146
0.707635 7.407136
0.731713 7.718120
0.735369 7.565750
0.826392 4.305682
0.820974 6.759039
0.818213 5.904954
0.813561 6.555586
0.799272 7.381838
0.802960 7.968074
0.814537 8.213197
0.805118 8.289338
0.835662 7.812218
0.839597 7.942514
0.786463 8.877177
0.819471 7.690578
0.812543 8.566180
0.831716 6.666907
0.808232 8.442576
0.806253 7.600138
0.799320 8.319996
0.791518 7.945945
0.816134 5.976000
0.855194 5.574988
0.829279 6.060372
0.812861 8.261322
0.786881 8.320148
0.827706 7.502580
0.795829 7.745891
0.787314 8.242908
0.805487 8.003154
0.836126 7.399379
0.895635 5.035985
0.893734 4.766547
0.866666 5.508347
0.870458 5.678687
0.854602 5.279341
0.841502 6.012091
0.865839 6.373559
0.808667 7.457549
0.815479 8.344913
0.819590 7.996424
0.795844 8.688004
0.783125 8.760635
0.861566 6.722018
0.813609 6.739414
0.767599 9.134927
0.792282 8.818980
0.884978 4.922814
0.847048 5.819748
0.836664 6.402627
0.841254 5.841483
0.812886 7.403056
0.841016 5.630523
0.793098 7.793677
0.828990 5.892322
0.803238 6.776154
0.793944 8.851780
0.821413 7.457588
0.772713 9.041159
0.777754 9.108859
0.769160 9.075596
0.750938 9.114656
0.759873 9.274962
0.784242 8.955052
0.803370 7.782463
0.831136 6.994389
0.793315 8.752293
0.838133 7.159336
0.832691 6.347250
0.792656 7.429948
0.764170 7.449182
0.834311 7.151726
0.808070 7.276637
0.769100 8.855173
0.803067 8.385726
0.742151 9.173607
0.793838 8.844730
0.782944 6.473846
0.800108 5.782290
0.816035 6.381249
0.837435 5.891890
0.840199 4.485043
0.849435 4.480377
0.820952 5.325919
0.786343 5.673935
0.788078 5.391583
0.733355 6.356828
0.730526 7.061271
0.762833 7.021580
0.783693 7.566808
0.758317 8.837815
0.805360 7.207694
0.787317 7.436704
0.810937 7.305844
0.775236 9.029587
0.777550 9.071649
0.775132 9.031667
0.782083 8.922803
0.789917 8.313372
0.789501 8.336742
0.799383 8.422337
0.783708 8.530277
0.794236 7.294498
0.793556 6.772630
0.776258 8.398186
0.785564 8.441272
0.814317 8.410736
0.787685 7.923390
0.826958 7.064474
0.874511 6.202715
0.889365 4.805063
0.804905 8.084290
0.871274 6.312247
0.837638 7.666791
0.824371 7.496102
0.843092 7.199137
0.838754 6.347265
0.851794 7.572105
0.846697 6.982905
0.819589 7.631466
0.812960 7.954850
0.776385 8.379869
0.821871 7.827092
0.792780 8.353101
0.811739 8.025682
0.819643 8.035566
0.834168 7.617111
0.818720 7.455267
0.813388 7.627250
0.799608 7.775743
0.834810 7.364172
0.846090 6.838004
0.815200 7.205441
0.844809 6.365045
0.771979 7.745811
0.748162 7.167648
0.771227 8.056967
0.802820 7.552685
0.849602 7.286167
0.851539 7.603213
0.843402 7.193291
0.812973 6.579931
0.849288 7.005137
0.819143 7.494280
0.820504 7.149309
0.837578 7.480155
0.817399 8.225937
0.807902 7.817421
0.806746 8.140957
0.849141 6.026025
0.808257 7.496952
0.800470 8.022968
0.803413 7.627885
0.818404 7.553203
0.809212 8.188233
0.807139 8.042563
0.809905 8.164048
0.772029 8.406546
0.775315 8.216244
0.787013 8.347432
0.818009 8.103372
0.797351 8.204280
0.763489 8.294663
0.800974 7.298160
0.768604 8.059718
0.804766 8.040280
0.885581 4.610041
0.858390 4.901564
0.814070 6.930071
0.788464 6.665434
0.848660 5.936768
0.868456 3.792555
0.815375 8.281481
0.820274 8.423350
0.797392 8.255598
0.777207 8.575157
0.801399 9.019401
0.770763 8.964342
0.749149 9.006232
0.779451 7.774253
0.768430 7.604603
0.826485 6.020121
0.755968 8.872864
0.779419 9.018374
0.766513 9.011933
0.811665 8.342821
0.809119 8.078576
0.770355 8.612387
0.757032 9.261793
0.773324 8.979341
0.770543 9.064214
0.740903 9.182048
0.791950 8.128179
0.782526 6.699298
0.772554 7.157710
0.831707 6.436955
0.806495 7.390159
0.729134 8.018449
0.785864 7.088682
0.822852 6.233740
0.814669 6.794544
0.781268 7.754128
0.827426 7.787011
0.768206 8.060805
0.815184 5.367898
0.853100 6.131593
0.811594 8.093691
0.768252 8.300572
0.782943 8.172587
0.804528 7.515552
0.818540 7.840258
0.828874 6.320023
0.813376 6.939392
0.869282 4.905890
0.843782 6.190201
0.832749 7.085332
0.804992 8.170664
0.830730 7.569403
0.799274 7.823593
0.810872 7.386433
0.816369 7.462233
0.810488 8.120354
0.780939 7.997697
0.777964 7.952125
0.740644 7.867918
0.758981 7.632735
0.732763 8.270380
0.771780 7.020164
0.811523 8.141995
0.807068 8.063007
0.822574 7.653440
0.798758 8.024504
0.766997 8.788316
0.766619 8.114678
0.758499 8.748981
0.787752 8.852642
0.757806 9.122890
0.746562 9.130694
0.761812 9.210801
0.749712 9.265251
0.744512 9.180114
0.781275 8.256105
0.807934 8.192587
0.793336 8.399989
0.762753 9.182496
0.784356 8.498353
0.766092 9.031431
0.759692 8.141383
0.749555 8.752716
0.790315 9.037752
0.800825 8.766319
0.764231 9.204477
0.753765 9.089161
0.753566 8.138962
0.764522 7.610614
0.772788 8.598527
0.769771 9.100354
0.777496 8.907977
0.800892 8.999890
0.820676 6.654848
0.786154 6.289742
0.783137 6.593819
0.821135 4.952055
0.828138 4.454876
0.816998 5.160463
0.839406 5.290847
0.788832 8.665677
0.769895 8.284753
0.775450 8.291291
0.753687 8.954719
0.808036 7.753837
0.759048 8.951228
0.766553 9.202701
0.748034 9.255511
0.750964 9.131433
0.761188 8.783643
0.759155 9.090087
0.757197 8.477403
0.762132 8.630506
0.778446 7.957533
0.755880 5.288695
0.727386 5.581353
0.732655 5.543221
0.782009 6.619049
0.778399 7.531390
0.811387 5.239965
0.770976 8.471468
0.790487 8.418675
0.730164 8.788541
0.784189 8.913258
0.763116 9.067763
0.768165 8.752842
0.796082 7.397855
0.782981 8.838237
0.812528 6.115114
0.843982 6.202457
0.802828 6.374193
0.856796 6.314797
0.809808 6.286303
0.782819 7.094478
0.802994 8.400290
0.811609 7.930459
0.844881 6.723567
0.835200 5.983736
0.821704 6.474652
0.829086 6.256850
0.824929 2.319796
0.813623 3.846182
0.745391 2.533033
0.815898 2.307442
0.804492 3.592933
0.831391 3.406532
0.775664 4.544607
0.817928 5.141981
0.813856 6.219060
0.805968 7.305676
0.783371 7.294561
0.808313 5.980015
0.813895 7.294708
0.802862 7.114936
0.782230 7.269824
0.802953 7.283819
0.752010 7.388874
0.820959 7.210750
0.808629 7.248734
0.820180 7.213773
0.773128 7.343665
0.792398 7.372276
0.798253 7.205567
0.824524 6.400415
0.820032 7.256590
0.810989 6.994342
0.788211 7.690952
0.785407 6.997609
0.792110 7.186276
0.816202 6.943316
0.815678 6.360610
0.763510 7.390390
0.766040 8.180233
0.778037 8.115160
0.762035 7.958551
0.752246 8.135996
0.754136 7.791719
0.774529 7.844411
0.814641 7.533398
0.787397 7.497690
0.799475 7.157127
0.841563 6.961073
0.819809 7.983288
0.859602 5.525186
0.841843 7.560479
0.785952 7.861740
0.778116 8.009179
0.791630 7.952825
0.815074 7.538134
0.792881 8.161937
0.755825 8.009670
0.752645 7.328267
0.797263 7.662849
0.809581 6.168932
0.803878 6.959755
0.840034 5.653510
0.795047 7.658815
0.770731 8.168826
0.768638 7.527591
0.777007 6.998382
0.784264 7.268823
0.756526 7.949066
0.768554 7.340756
0.754582 7.969382
0.845608 7.588131
0.841920 7.211547
0.833568 6.522926
0.835653 7.103868
0.860877 4.694356
0.828205 7.474453
0.846315 7.148366
0.784059 8.048261
0.825862 7.085597
0.845975 6.624406
0.801003 8.109092
0.762817 8.163024
0.800140 7.950206
0.781536 7.693783
0.813047 7.135473
0.796998 6.117970
0.809912 6.287447
0.830011 3.512718
0.802865 5.444213
0.805059 6.589840
0.834146 6.151121
0.842987 6.277316
0.834107 4.105216
0.853451 5.173430
0.938332 3.333182
0.856302 6.205547
0.837632 6.375817
0.781942 7.859052
0.797070 7.726758
0.852163 5.665274
0.868410 5.189482
0.761399 8.196764
0.805836 6.343665
0.825140 6.170326
0.799800 6.209014
0.778846 7.212928
0.743120 8.226443
0.791934 8.141560
0.765556 7.985481
0.754883 7.445288
0.785859 7.532178
0.824657 6.938666
0.865242 6.519419
0.859218 6.486754
0.834493 6.492613
0.855112 6.816648
0.809883 7.910489
0.794881 7.645939
0.820590 7.686197
0.769762 6.316928
0.740797 5.949761
0.758969 5.588746
0.782386 6.700585
0.773175 7.375646
0.802567 7.231980
0.795825 6.399774
0.706368 6.291421
0.802017 5.852520
0.815386 5.928449
0.827544 6.447772
0.823075 7.222134
0.791619 7.250792
0.786353 7.269189
0.815387 7.319577
0.756813 7.305694
0.772373 6.990636
0.757227 7.314064
0.774094 7.327623
0.752191 7.076785
0.800938 6.887071
0.767629 6.761293
0.770488 6.785278
0.718683 4.177188
0.684680 1.851023
0.672759 3.849299
0.660816 1.886060
0.674810 2.821643
0.670989 2.544125
0.685184 2.734590
0.668604 3.468348
0.672973 3.963169
0.670047 3.691388
0.672961 3.899563
0.696708 4.301526
0.685108 4.405462
0.682628 5.149325
0.685555 2.686324
0.657641 3.829658
0.652496 2.881862
0.650864 2.562228
0.670262 2.560924
0.667631 1.952042
0.672320 3.485515
0.651078 3.464347
0.664937 3.410711
0.694537 3.525793
0.677038 3.943425
0.682017 5.350072
0.680138 4.623716
0.682065 4.045428
0.670774 3.191455
0.666328 2.718028
0.652311 3.657161
0.669237 3.858706
0.656944 3.648165
0.658633 3.683843
0.654676 3.768464
0.677749 4.435522
0.688121 4.284648
0.677143 3.738922
0.668091 2.094573
0.665978 2.276868
0.646088 1.861507
0.651027 2.273610
0.644505 2.595207
0.647049 2.061449
0.645721 3.104739
0.644575 2.635011
0.633279 2.403351
0.639215 1.769547
0.625638 3.108957
0.634743 2.874309
0.648191 2.982496
0.630818 2.851662
0.649354 2.208078
0.633607 1.988470
0.654443 2.356386
0.647684 1.609346
0.660290 1.869030
0.663423 3.039648
0.691464 2.851476
0.721447 3.133272
0.722293 3.673050
0.717601 3.102192
0.724767 3.047467
0.709652 3.672597
0.709632 2.781331
0.732656 2.514994
0.726619 2.489787
0.678602 3.273632
0.702951 2.791413
0.752909 4.111834
0.755278 3.405328
0.714754 2.790524
0.728700 2.711378
0.748564 2.153547
0.732256 3.191915
0.695397 3.293074
0.675004 2.498694
0.677848 2.754601
0.694181 0.817177
0.662076 1.121800
0.661021 1.938235
0.644662 1.746069
0.654127 1.387052
0.666484 1.248312
0.643186 2.103695
0.650909 1.665304
0.647949 2.114272
0.652663 2.039684
0.647902 2.210678
0.650374 1.647699
0.666155 1.931241
0.675581 2.250398
0.655564 1.867107
0.685824 1.657063
0.677564 1.590760
0.683129 2.161324
0.680735 2.707625
0.652626 1.791076
0.647094 2.528971
0.674828 1.773312
0.665413 1.851528
0.639087 2.756394
0.675986 1.823966
0.639607 2.248643
0.645002 2.325760
0.646508 2.254375
0.653716 3.064071
0.656427 2.955333
0.697192 4.067669
0.688746 2.370116
0.694990 2.147938
0.703234 2.837067
0.774963 2.901918
0.783431 6.286413
0.788263 7.108251
0.820238 6.558206
0.824023 6.668628
0.776763 7.289664
0.798348 6.431942
0.802903 6.525818
0.870948 6.200155
0.844870 7.011015
0.849750 7.137161
0.846002 6.902584
0.860139 6.751743
0.828528 7.294726
0.838951 7.324395
0.857728 6.907472
0.856640 6.723731
0.804276 7.183254
0.804666 7.302675
0.837103 7.251185
0.783988 6.980326
0.802589 6.762674
0.839161 6.407658
0.845977 5.341503
0.825057 6.677447
0.799581 7.050494
0.811754 6.619583
0.844683 6.000268
0.860445 5.934645
0.845108 4.997615
0.873002 3.342913
0.842114 6.257650
0.788804 6.731602
0.787113 6.756158
0.777490 6.246988
0.779385 6.573611
0.846101 5.735644
0.803020 6.259332
0.811338 6.184076
0.813358 7.319814
0.821889 6.560793
0.784605 6.717372
0.800202 5.641285
0.804634 6.533934
0.799845 7.271575
0.811159 5.815748
0.822256 7.198619
0.821926 7.231484
0.787964 7.259990
0.810555 7.018374
0.805150 6.872143
0.785641 7.203312
0.764425 5.247875
0.728532 7.601092
0.847086 6.149965
0.759772 8.135764
0.758438 7.195583
0.774502 7.261578
0.757171 8.097968
0.777368 6.127353
0.763477 5.655087
0.775199 7.373710
0.752349 8.098990
0.734850 7.897311
0.734384 8.056158
0.747162 7.814753
0.759455 6.829410
0.735337 8.075548
0.754032 8.016676
0.768377 7.928032
0.756676 7.931935
0.785189 6.558132
0.766716 7.359331
0.738089 8.209945
0.751270 8.137813
0.751548 8.059752
0.767623 8.129136
0.803941 7.721119
0.790774 8.029240
0.789420 8.116774
0.864668 7.395607
0.814750 7.915928
0.810221 8.056781
0.786097 7.574410
0.793072 7.251008
0.777454 5.473685
0.768086 7.908762
0.741660 8.128499
0.742003 8.244573
0.742381 8.228319
0.729097 8.121494
0.710144 8.202414
0.708275 8.217862
0.729973 8.128838
0.741712 8.133474
0.794216 7.450369
0.734057 7.996239
0.725687 8.112861
0.779027 7.964250
0.793813 7.497526
0.759471 7.511838
0.760230 7.938654
0.772850 7.185937
0.756771 7.218422
0.750493 7.074604
0.755486 7.214881
0.760436 7.280564
0.748438 6.728335
0.741437 7.223262
0.691912 6.676278
0.733533 6.926897
0.698556 7.085369
0.713031 6.726102
0.781572 3.664496
0.765036 6.742361
0.779479 6.799314
0.730225 7.646379
0.762258 6.925098
0.783301 6.177078
0.743974 6.506667
0.740729 5.148507
0.738398 4.923206
0.753818 7.232846
0.717259 7.277239
0.735883 7.312178
0.791879 7.272916
0.789401 7.175368
0.766547 7.319892
0.770101 6.978106
0.825270 7.204719
0.865965 6.525143
0.795024 7.456073
0.776015 7.261086
0.759031 7.359218
0.791828 7.363042
0.906111 4.918557
0.844472 6.266103
0.847325 6.394727
0.867259 5.726296
0.862329 6.529220
0.832372 7.297835
0.853041 6.528608
0.792929 6.828089
0.801218 7.294341
0.734970 7.983151
0.736993 8.003099
0.760503 7.752862
0.803235 7.412723
0.801273 8.019738
0.776569 8.082143
0.839487 5.795817
0.870597 3.259266
0.821102 4.434205
0.814605 7.691125
0.829825 8.019444
0.805137 7.506856
0.823643 7.591547
0.764144 7.857271
0.744108 8.091074
0.758632 7.171716
0.763111 7.995765
0.813095 7.622500
0.795454 8.200116
0.785024 7.998370
0.803237 7.847620
0.809458 7.993040
0.795723 7.693011
0.828177 7.095756
0.779856 8.197001
0.795774 7.907145
0.787631 7.995959
0.769848 7.886363
0.767092 8.072515
0.789392 7.873409
0.783075 8.014212
0.804255 6.727939
0.791127 6.907535
0.807667 6.314408
0.805483 6.538603
0.865569 6.099968
0.857861 5.422916
0.856752 6.361598
0.872354 6.861021
0.850924 7.685504
0.864241 6.141307
0.803552 7.399689
0.782983 7.295763
0.754884 5.366013
0.781793 6.257529
0.826976 6.524302
0.784889 7.718758
0.750991 8.607462
0.758305 9.042103
0.774114 7.252545
0.759268 8.529566
0.759572 7.486754
0.806033 7.027814
0.791540 8.568742
0.773983 8.908769
0.790032 8.754419
0.780641 8.265455
0.772679 8.917757
0.772009 9.062077
0.819219 7.687399
0.799468 8.458752
0.815945 7.549891
0.782880 8.904692
0.776309 8.410934
0.797455 8.548418
0.789695 8.890221
0.781409 8.367234
0.790138 8.273425
0.807445 8.361837
0.804868 7.756181
0.800347 7.361539
0.759828 8.627577
0.759704 8.826964
0.793201 7.343403
0.804224 8.518098
0.822747 7.257159
0.769729 8.372583
0.760287 7.303900
0.827079 4.623628
0.826922 5.336301
0.832612 3.595323
0.798571 5.362281
0.807484 4.942848
0.824902 8.180064
0.811997 8.210431
0.774089 8.957911
0.799286 8.809097
0.760019 9.067843
0.748732 9.104662
0.758623 9.120054
0.763788 8.962332
0.755395 9.140056
0.771722 8.582182
0.743811 8.876672
0.794815 8.257901
0.821585 7.497581
0.788132 8.499098
0.821472 7.875661
0.790014 9.107711
0.770032 8.668388
0.750950 8.943789
0.754979 9.071894
0.749540 8.976702
0.758903 8.950315
0.778439 9.041924
0.799593 8.532769
0.799185 8.788448
0.781072 8.215521
0.750903 9.033669
0.777208 8.985681
0.789488 8.902737
0.769492 8.919056
0.736019 9.119818
0.766477 9.166687
0.757602 9.112239
0.755696 9.177308
0.822561 8.093791
0.792516 8.442679
0.807504 8.689369
0.795413 8.484717
0.769698 8.779457
0.741640 9.047971
0.755230 8.123027
0.754111 8.728594
0.784934 8.133417
0.754524 8.094343
0.757017 8.278247
0.746725 8.815136
0.795189 7.898381
0.812600 7.680508
0.773085 8.097966
0.751095 8.955452
0.814653 7.682529
0.813477 8.396879
0.747800 8.488589
0.742373 9.146675
0.763874 8.609457
0.806516 8.740614
0.803574 7.591961
0.787036 7.804244
0.755361 7.398259
0.821353 7.138400
0.809925 6.048825
0.792347 8.334398
0.790542 7.920085
0.801701 8.518236
0.768810 8.802445
0.756788 9.090023
0.764651 8.986630
0.764695 8.926449
0.737186 9.228601
0.789476 8.262870
0.789025 8.521317
0.785558 8.328138
0.767017 9.129480
0.778479 8.804772
0.780528 8.808173
0.791373 8.880257
0.817124 8.368275
0.763403 9.044031
0.811046 8.328346
0.811590 8.108189
0.779429 8.712963
0.781843 8.309290
0.792369 8.714978
0.761517 9.143122
0.756995 9.036415
0.773648 8.500622
0.790357 8.608691
0.875955 5.011092
0.864979 5.547696
0.778893 7.478916
0.755567 8.889263
0.785705 7.597794
0.775586 9.092380
0.757035 8.932428
0.801137 8.961725
0.830218 7.690083
0.855046 5.943142
0.768283 9.083915
0.773752 7.328379
0.793464 7.508543
0.769250 7.332316
0.772939 8.671400
0.755853 8.793724
0.756020 8.350398
0.767914 8.232150
0.823152 8.029865
0.814770 7.945007
0.815078 7.313823
0.816623 7.988073
0.754811 8.609481
0.775414 7.446605
0.799049 8.084920
0.781775 8.239366
0.786364 8.130375
0.791126 7.645533
0.790301 7.947160
0.755055 8.238638
0.763004 8.213698
0.774881 8.254629
0.765539 8.131426
0.757214 7.990031
0.792112 7.834747
0.772551 8.137950
0.768874 8.229018
0.776366 6.644233
0.809857 7.312511
0.807850 7.027763
0.786680 7.295683
0.740418 9.070174
0.797617 8.632133
0.807131 8.324483
0.765561 8.859914
0.783865 8.862735
0.802593 8.666520
0.802434 7.479795
0.775180 8.018648
0.774382 9.135585
0.757746 9.185851
0.778360 9.090899
0.784686 8.809516
0.814505 8.180505
0.790611 8.418058
0.804669 8.377099
0.821330 8.090338
0.830699 7.703344
0.830632 7.299349
0.775689 9.000704
0.775650 9.121054
0.787892 8.817596
0.749375 9.131904
0.737428 9.206340
0.738583 9.214574
0.755404 9.004196
0.755531 9.027302
0.769103 8.364987
0.778046 7.920206
0.773463 7.143271
0.811122 8.262828
0.810956 7.744535
0.751883 9.120224
0.817469 7.552432
0.775887 8.952868
0.777908 8.960835
0.808727 7.731122
0.778777 8.436867
0.792258 7.107681
0.733637 8.610737
0.772964 8.514555
0.754223 9.033679
0.790839 6.323503
0.755245 8.006082
0.746553 8.953668
0.770879 8.842025
0.769111 6.765727
0.776006 7.362391
0.792240 6.040032
0.775313 6.530121
0.876042 4.541243
0.862570 5.676845
0.881497 4.676223
0.843377 4.767347
0.813947 5.976639
0.765765 8.203838
0.823168 8.138884
0.811581 7.052700
0.791059 7.328400
0.794547 8.800112
0.852963 5.885796
0.838239 6.668197
0.852503 4.200561
0.789589 7.128914
0.792711 8.471573
0.815873 7.830853
0.802327 8.734086
0.796912 7.149231
0.761085 8.608611
0.761790 9.132023
0.750377 9.001307
0.757262 8.589086
0.729459 9.044234
0.758364 9.087020
0.768843 9.007319
0.753873 8.566382
0.797203 7.642598
0.804383 7.855685
0.796071 8.262700
0.795267 8.226593
0.773062 7.935132
0.773081 8.141329
0.815140 8.079925
0.872733 6.398093
0.813080 7.239669
0.772179 8.514911
0.823307 8.177999
0.825700 7.739269
0.821068 7.897961
0.856688 6.552570
0.820541 8.748443
0.790290 7.903992
0.768596 8.901345
0.788112 8.110325
0.849223 6.847650
0.812083 8.366863
0.787279 9.071128
0.764339 9.155911
0.761330 8.898457
0.775736 9.104859
0.788468 8.990607
0.758027 9.232904
0.763495 8.834179
0.756757 7.856301
0.726710 8.660360
0.766323 8.518410
0.779722 8.249652
0.771822 8.423187
0.766759 8.978068
0.742201 8.661461
0.752728 8.816639
0.782717 8.842123
0.823700 7.894951
0.793966 8.013717
0.785556 7.066805
0.770728 7.464628
0.801010 8.354040
0.797118 8.238660
0.811173 8.450460
0.798358 8.756178
0.805236 6.872929
0.762907 8.934327
0.771182 8.559080
0.763376 8.604128
0.780114 8.735345
0.768945 9.156387
0.828665 7.258445
0.817097 7.479885
0.826035 7.572535
0.807121 8.542668
0.814642 7.424869
0.827926 7.436580
0.799815 7.227170
0.835095 6.841842
0.819726 6.762956
0.776353 8.841669
0.776189 9.080477
0.779828 8.629957
0.823289 6.024734
0.784032 8.793724
0.784654 9.031840
0.779647 8.597883
0.803408 8.556043
0.765535 9.093063
0.803855 8.383825
0.799077 8.234375
0.786180 8.445936
0.824615 7.831766
0.805641 8.411935
0.807731 7.750160
0.791353 8.333782
0.827905 7.726479
0.771224 9.510228
0.773682 9.030471
0.814344 9.041773
0.811315 8.160841
0.838987 6.745105
0.801963 8.340700
0.795217 8.124001
0.787689 9.592715
0.802641 9.168046
0.795045 9.673421
0.782540 9.890148
0.826212 8.549067
0.802929 9.075762
0.814216 8.164904
0.781943 9.839063
0.795924 9.650369
0.787566 9.401338
0.812335 8.500012
0.856830 6.291789
0.809749 8.780482
0.791586 7.462699
0.833814 5.656954
0.786359 8.164204
0.779842 8.166582
0.793490 8.188208
0.816236 8.371987
0.785886 9.223410
0.836767 7.824553
0.808051 8.923380
0.824325 8.069672
0.795697 9.121243
0.812392 8.573742
0.833736 8.062405
0.847806 7.216695
0.811968 7.473056
0.847745 7.437394
0.833855 7.332721
0.825181 8.313962
0.810568 8.919459
0.826663 8.157045
0.797538 9.087408
0.784928 9.207253
0.792741 9.142914
0.824726 8.661044
0.876287 4.099895
0.855465 5.847003
0.824281 8.324396
0.779149 9.191912
0.798321 8.842840
0.758294 8.762692
0.810875 6.803414
0.768131 7.641473
0.751704 8.763755
0.783084 7.981664
0.774293 8.187997
0.783815 7.754568
0.813209 6.778489
0.819018 6.046175
0.845057 7.461408
0.823264 7.810508
0.816769 7.399580
0.833654 6.673360
0.834552 7.300001
0.805407 8.020248
0.800816 8.250926
0.843839 7.032423
0.815049 7.860187
0.784194 8.271221
0.776339 8.237047
0.761716 8.188666
0.766457 8.252007
0.746224 8.233311
0.770450 8.223888
0.808718 7.737351
0.815115 7.998914
0.795289 8.349025
0.768486 8.280153
0.736935 8.272548
0.780823 7.899496
0.781569 7.690377
0.794723 8.253277
0.788356 8.861251
0.824430 7.323465
0.809236 8.021075
0.789862 8.613369
0.778539 8.228626
0.780674 8.885943
0.795482 7.919685
0.757744 9.091821
0.763266 9.051230
0.742876 9.150313
0.751870 9.088866
0.767669 8.933075
0.739252 8.920203
0.763487 9.131126
0.767919 9.138205
0.819233 7.177117
0.864487 5.467626
0.855785 5.485290
0.792235 5.200039
0.811271 7.084673
0.840947 7.870427
0.818498 7.584128
0.814534 8.653504
0.832065 8.080712
0.830387 7.344820
0.807836 8.355278
0.765195 9.080504
0.788827 8.964359
0.815231 8.494116
0.804279 8.792717
0.773959 9.166516
0.791046 8.207442
0.832089 7.248067
0.835509 6.849120
0.808192 8.240414
0.788477 8.445197
0.847724 6.137996
0.840063 6.898480
0.793212 8.404326
0.784591 7.551916
0.813704 7.564215
0.760224 8.626071
0.754276 8.184564
0.781105 8.029913
0.800293 8.153894
0.865408 6.271351
0.802478 7.728528
0.799306 9.086089
0.765646 8.628998
0.742531 7.958921
0.779149 7.858738
0.757602 7.200336
0.732785 8.331709
0.767450 8.433725
0.776603 8.084482
0.749957 8.878896
0.729438 9.235002
0.733993 8.407981
0.745149 8.861348
0.740798 8.644079
0.748816 9.106542
0.855755 6.129973
0.857757 4.911894
0.813778 7.764217
0.832342 7.196844
0.831627 7.046800
0.841066 7.476105
0.857392 6.324402
0.838939 7.095657
0.842958 7.853420
0.805340 6.971857
0.808194 8.170404
0.833791 7.788619
0.854639 7.649821
0.862863 7.006068
0.817304 8.051577
0.748156 8.245117
0.778699 7.276304
0.825908 5.810030
0.849242 5.315305
0.827434 5.632486
0.834691 7.438536
0.839255 5.914808
0.797145 7.350252
0.769363 8.092835
0.752898 8.036815
0.785843 8.088200
0.783545 7.860671
0.789354 6.450727
0.799154 7.647408
0.763785 7.886286
0.812267 6.713048
0.789483 7.295646
0.768635 7.694569
0.807030 7.380353
0.772222 7.688716
0.768235 7.577296
0.747176 7.279126
0.825212 7.234666
0.804656 7.932513
0.845548 7.533086
0.848640 7.040716
0.846871 6.923754
0.853498 7.342810
0.836370 6.489116
0.810092 6.384207
0.799396 6.421601
0.781406 6.571946
0.815491 5.871704
0.819311 6.482104
0.811552 6.190799
0.817425 6.902605
0.813858 6.632090
0.822831 6.713216
0.790255 7.015009
0.776860 4.652909
0.789681 4.576208
0.808899 2.893464
0.734162 6.446504
0.728909 5.568770
0.714836 5.973950
0.711453 5.189287
0.743248 7.063333
0.753693 7.461671
0.786521 6.446032
0.765245 7.508961
0.723197 7.339786
0.720888 7.114534
0.762444 6.044256
0.716404 6.781677
0.744283 6.520899
0.756125 7.091570
0.754800 7.223419
0.792460 7.200032
0.818798 7.098515
0.796577 7.172976
0.775523 6.968078
0.786177 7.016457
0.810988 6.603340
0.822134 6.834820
0.769731 7.715060
0.787482 7.903226
0.811519 7.797033
0.802702 8.119424
0.821004 7.457531
0.788658 8.141292
0.828219 7.749072
0.798090 8.005110
0.819622 7.384229
0.821221 6.739011
